          ----- ----- | --------- --------- |
            cls ttcls |      time  tot time |
    0.000     1     1 |    0.0049    0.0049 |
    1.000     1     2 |    0.0002    0.0052 |
    2.000     1     3 |    0.0002    0.0054 |
    3.000     1     4 |    0.0002    0.0055 |
    4.000     1     5 |    0.0002    0.0057 |
    5.000     1     6 |    0.0002    0.0059 |
    6.000     1     7 |    0.0002    0.0061 |
    7.000     1     8 |    0.0002    0.0063 |
    8.000     1     9 |    0.0002    0.0064 |
    9.000     1    10 |    0.0002    0.0066 |
   10.000     1    11 |    0.0002    0.0068 |
   11.000     1    12 |    0.0002    0.0070 |
   12.000     1    13 |    0.0002    0.0072 |
   13.000     1    14 |    0.0002    0.0074 |
   14.000     1    15 |    0.0002    0.0076 |
   15.000     1    16 |    0.0002    0.0078 |
   16.000     1    17 |    0.0006    0.0084 |
   17.000     1    18 |    0.0002    0.0085 |
   18.000     1    19 |    0.0002    0.0087 |
   19.000     1    20 |    0.0002    0.0089 |
   20.000     1    21 |    0.0002    0.0091 |
   21.000     1    22 |    0.0002    0.0093 |
   22.000     1    23 |    0.0002    0.0095 |
   23.000     1    24 |    0.0002    0.0097 |
   24.000     1    25 |    0.0003    0.0099 |
   25.000     1    26 |    0.0002    0.0101 |
   26.000     1    27 |    0.0002    0.0103 |
   27.000     1    28 |    0.0002    0.0105 |
   28.000     1    29 |    0.0002    0.0107 |
   29.000     1    30 |    0.0002    0.0109 |
   30.000     1    31 |    0.0002    0.0111 |
   31.000     1    32 |    0.0002    0.0112 |
   32.000     1    33 |    0.0002    0.0114 |
   33.000     1    34 |    0.0002    0.0116 |
   34.000     1    35 |    0.0002    0.0117 |
   35.000     1    36 |    0.0002    0.0119 |
   36.000     1    37 |    0.0002    0.0121 |
   37.000     1    38 |    0.0002    0.0123 |
   38.000     1    39 |    0.0002    0.0124 |
   39.000     1    40 |    0.0002    0.0126 |
   40.000     1    41 |    0.0002    0.0128 |
   41.000     1    42 |    0.0002    0.0129 |
   42.000     1    43 |    0.0002    0.0131 |
   43.000     1    44 |    0.0002    0.0133 |
   44.000     1    45 |    0.0003    0.0136 |
   45.000     1    46 |    0.0002    0.0138 |
   46.000     1    47 |    0.0002    0.0140 |
   47.000     1    48 |    0.0002    0.0142 |
   48.000     1    49 |    0.0002    0.0144 |
   49.000     1    50 |    0.0002    0.0146 |
   50.000     1    51 |    0.0002    0.0148 |
   51.000     1    52 |    0.0002    0.0150 |
   52.000     1    53 |    0.0002    0.0151 |
   53.000     1    54 |    0.0002    0.0153 |
   54.000     1    55 |    0.0002    0.0155 |
   55.000     1    56 |    0.0002    0.0157 |
   56.000     1    57 |    0.0002    0.0158 |
   57.000     1    58 |    0.0002    0.0160 |
   58.000     1    59 |    0.0002    0.0162 |
   59.000     1    60 |    0.0002    0.0164 |
   60.000     1    61 |    0.0002    0.0166 |
   61.000     1    62 |    0.0002    0.0167 |
   62.000     1    63 |    0.0002    0.0169 |
   63.000     1    64 |    0.0002    0.0171 |
   64.000     1    65 |    0.0002    0.0173 |
   65.000     1    66 |    0.0002    0.0175 |
   66.000     1    67 |    0.0002    0.0177 |
   67.000     1    68 |    0.0002    0.0179 |
   68.000     1    69 |    0.0002    0.0181 |
   69.000     1    70 |    0.0002    0.0182 |
   70.000     1    71 |    0.0002    0.0184 |
   71.000     1    72 |    0.0002    0.0186 |
   72.000     1    73 |    0.0002    0.0188 |
   73.000     1    74 |    0.0011    0.0199 |
   74.000     1    75 |    0.0002    0.0201 |
   75.000     1    76 |    0.0002    0.0203 |
   76.000     1    77 |    0.0002    0.0205 |
   77.000     1    78 |    0.0002    0.0206 |
   78.000     1    79 |    0.0002    0.0208 |
   79.000     1    80 |    0.0002    0.0210 |
   80.000     1    81 |    0.0002    0.0212 |
   81.000     1    82 |    0.0002    0.0214 |
   82.000     1    83 |    0.0002    0.0216 |
   83.000     1    84 |    0.0002    0.0218 |
   84.000     1    85 |    0.0002    0.0220 |
   85.000     1    86 |    0.0002    0.0222 |
   86.000     1    87 |    0.0003    0.0225 |
   87.000     1    88 |    0.0002    0.0227 |
   88.000     1    89 |    0.0002    0.0229 |
   89.000     1    90 |    0.0011    0.0240 |
   90.000     1    91 |    0.0002    0.0242 |
   91.000     1    92 |    0.0002    0.0244 |
   92.000     1    93 |    0.0002    0.0245 |
   93.000     1    94 |    0.0002    0.0247 |
   94.000     1    95 |    0.0002    0.0249 |
   95.000     1    96 |    0.0002    0.0251 |
   96.000     1    97 |    0.0002    0.0252 |
   97.000     1    98 |    0.0002    0.0254 |
   98.000     1    99 |    0.0002    0.0256 |
   99.000     1   100 |    0.0002    0.0258 |
  100.000     1   101 |    0.0002    0.0260 |
  101.000     1   102 |    0.0002    0.0261 |
  102.000     1   103 |    0.0002    0.0263 |
  103.000     1   104 |    0.0002    0.0265 |
  104.000     1   105 |    0.0002    0.0267 |
  105.000     1   106 |    0.0002    0.0269 |
  106.000     1   107 |    0.0002    0.0271 |
  107.000     1   108 |    0.0003    0.0274 |
  108.000     1   109 |    0.0002    0.0276 |
  109.000     1   110 |    0.0002    0.0277 |
  110.000     1   111 |    0.0002    0.0279 |
  111.000     1   112 |    0.0002    0.0281 |
  112.000     1   113 |    0.0002    0.0283 |
  113.000     1   114 |    0.0003    0.0286 |
  114.000     1   115 |    0.0002    0.0288 |
  115.000     1   116 |    0.0002    0.0290 |
  116.000     1   117 |    0.0002    0.0292 |
  117.000     1   118 |    0.0002    0.0294 |
  118.000     1   119 |    0.0003    0.0297 |
  119.000     1   120 |    0.0002    0.0298 |
  120.000     1   121 |    0.0002    0.0300 |
  121.000     1   122 |    0.0002    0.0302 |
  122.000     1   123 |    0.0002    0.0304 |
  123.000     1   124 |    0.0002    0.0306 |
  124.000     1   125 |    0.0002    0.0308 |
  125.000     1   126 |    0.0002    0.0310 |
  126.000     1   127 |    0.0002    0.0311 |
  127.000     1   128 |    0.0002    0.0313 |
  128.000     1   129 |    0.0002    0.0315 |
  129.000     1   130 |    0.0011    0.0326 |
  130.000     1   131 |    0.0002    0.0328 |
  131.000     1   132 |    0.0002    0.0330 |
  132.000     1   133 |    0.0002    0.0331 |
  133.000     1   134 |    0.0002    0.0333 |
  134.000     1   135 |    0.0002    0.0335 |
  135.000     1   136 |    0.0002    0.0337 |
  136.000     1   137 |    0.0002    0.0338 |
  137.000     1   138 |    0.0010    0.0349 |
  138.000     1   139 |    0.0002    0.0350 |
  139.000     1   140 |    0.0002    0.0352 |
  140.000     1   141 |    0.0002    0.0354 |
  141.000     1   142 |    0.0002    0.0356 |
  142.000     1   143 |    0.0002    0.0358 |
  143.000     1   144 |    0.0002    0.0359 |
  144.000     1   145 |    0.0002    0.0361 |
  145.000     1   146 |    0.0003    0.0365 |
  146.000     1   147 |    0.0002    0.0367 |
  147.000     1   148 |    0.0002    0.0369 |
  148.000     1   149 |    0.0002    0.0371 |
  149.000     1   150 |    0.0002    0.0372 |
  150.000     1   151 |    0.0002    0.0374 |
  151.000     1   152 |    0.0002    0.0376 |
  152.000     1   153 |    0.0002    0.0378 |
  153.000     1   154 |    0.0002    0.0380 |
  154.000     1   155 |    0.0002    0.0382 |
  155.000     1   156 |    0.0002    0.0384 |
  156.000     1   157 |    0.0002    0.0386 |
  157.000     1   158 |    0.0002    0.0388 |
  158.000     1   159 |    0.0002    0.0390 |
  159.000     1   160 |    0.0002    0.0392 |
  160.000     1   161 |    0.0002    0.0394 |
  161.000     1   162 |    0.0003    0.0397 |
  162.000     1   163 |    0.0003    0.0399 |
  163.000     1   164 |    0.0003    0.0402 |
  164.000     1   165 |    0.0002    0.0404 |
  165.000     1   166 |    0.0002    0.0407 |
  166.000     1   167 |    0.0002    0.0409 |
  167.000     1   168 |    0.0002    0.0411 |
  168.000     1   169 |    0.0003    0.0414 |
  169.000     1   170 |    0.0002    0.0416 |
  170.000     1   171 |    0.0002    0.0417 |
  171.000     1   172 |    0.0005    0.0422 |
  172.000     1   173 |    0.0005    0.0427 |
  173.000     1   174 |    0.0004    0.0431 |
  174.000     1   175 |    0.0003    0.0434 |
  175.000     1   176 |    0.0002    0.0436 |
  176.000     1   177 |    0.0004    0.0440 |
  177.000     1   178 |    0.0003    0.0442 |
  178.000     1   179 |    0.0004    0.0447 |
  179.000     1   180 |    0.0003    0.0450 |
  180.000     1   181 |    0.0003    0.0453 |
  181.000     1   182 |    0.0003    0.0456 |
  182.000     1   183 |    0.0003    0.0459 |
  183.000     1   184 |    0.0002    0.0461 |
  184.000     1   185 |    0.0003    0.0464 |
  185.000     1   186 |    0.0003    0.0468 |
  186.000     1   187 |    0.0003    0.0471 |
  187.000     1   188 |    0.0004    0.0475 |
  188.000     1   189 |    0.0004    0.0479 |
  189.000     1   190 |    0.0004    0.0483 |
  190.000     1   191 |    0.0003    0.0485 |
  191.000     1   192 |    0.0003    0.0488 |
  192.000     1   193 |    0.0006    0.0494 |
  193.000     1   194 |    0.0003    0.0496 |
  194.000     1   195 |    0.0002    0.0499 |
  195.000     1   196 |    0.0002    0.0501 |
  196.000     1   197 |    0.0003    0.0504 |
  197.000     1   198 |    0.0002    0.0506 |
  198.000     1   199 |    0.0003    0.0509 |
  199.000     1   200 |    0.0003    0.0512 |
  200.000     1   201 |    0.0003    0.0515 |
  201.000     1   202 |    0.0003    0.0518 |
  202.000     1   203 |    0.0003    0.0521 |
  203.000     1   204 |    0.0003    0.0523 |
  204.000     1   205 |    0.0003    0.0526 |
  205.000     1   206 |    0.0003    0.0529 |
  206.000     1   207 |    0.0003    0.0532 |
  207.000     1   208 |    0.0003    0.0534 |
  208.000     1   209 |    0.0004    0.0538 |
  209.000     1   210 |    0.0003    0.0541 |
  210.000     1   211 |    0.0003    0.0544 |
  211.000     1   212 |    0.0003    0.0547 |
  212.000     1   213 |    0.0002    0.0549 |
  213.000     1   214 |    0.0002    0.0551 |
  214.000     1   215 |    0.0003    0.0554 |
  215.000     1   216 |    0.0003    0.0557 |
  216.000     1   217 |    0.0004    0.0561 |
  217.000     1   218 |    0.0002    0.0563 |
  218.000     1   219 |    0.0002    0.0566 |
  219.000     1   220 |    0.0002    0.0568 |
  220.000     1   221 |    0.0002    0.0570 |
  221.000     1   222 |    0.0002    0.0571 |
  222.000     1   223 |    0.0002    0.0573 |
  223.000     1   224 |    0.0002    0.0576 |
  224.000     1   225 |    0.0012    0.0587 |
  225.000     1   226 |    0.0002    0.0590 |
  226.000     1   227 |    0.0002    0.0591 |
  227.000     1   228 |    0.0002    0.0593 |
  228.000     1   229 |    0.0002    0.0595 |
  229.000     1   230 |    0.0002    0.0596 |
  230.000     1   231 |    0.0002    0.0598 |
  231.000     1   232 |    0.0002    0.0600 |
  232.000     1   233 |    0.0004    0.0604 |
  233.000     1   234 |    0.0002    0.0606 |
  234.000     1   235 |    0.0002    0.0608 |
  235.000     1   236 |    0.0002    0.0610 |
  236.000     1   237 |    0.0002    0.0612 |
  237.000     1   238 |    0.0002    0.0614 |
  238.000     1   239 |    0.0002    0.0616 |
  239.000     1   240 |    0.0002    0.0618 |
  240.000     1   241 |    0.0002    0.0620 |
  241.000     1   242 |    0.0002    0.0622 |
  242.000     1   243 |    0.0002    0.0624 |
  243.000     1   244 |    0.0002    0.0626 |
  244.000     1   245 |    0.0002    0.0628 |
  245.000     1   246 |    0.0002    0.0630 |
  246.000     1   247 |    0.0002    0.0631 |
  247.000     1   248 |    0.0002    0.0634 |
  248.000     1   249 |    0.0003    0.0636 |
  249.000     1   250 |    0.0002    0.0639 |
  250.000     1   251 |    0.0002    0.0641 |
  251.000     1   252 |    0.0003    0.0644 |
  252.000     1   253 |    0.0003    0.0647 |
  253.000     1   254 |    0.0002    0.0649 |
  254.000     1   255 |    0.0002    0.0651 |
  255.000     1   256 |    0.0002    0.0653 |
  256.000     1   257 |    0.0013    0.0665 |
  257.000     1   258 |    0.0002    0.0667 |
  258.000     1   259 |    0.0002    0.0669 |
  259.000     1   260 |    0.0002    0.0671 |
  260.000     1   261 |    0.0002    0.0672 |
  261.000     1   262 |    0.0002    0.0674 |
  262.000     1   263 |    0.0002    0.0676 |
  263.000     1   264 |    0.0002    0.0678 |
  264.000     1   265 |    0.0003    0.0681 |
  265.000     1   266 |    0.0002    0.0683 |
  266.000     1   267 |    0.0002    0.0685 |
  267.000     1   268 |    0.0002    0.0687 |
  268.000     1   269 |    0.0002    0.0689 |
  269.000     1   270 |    0.0002    0.0691 |
  270.000     1   271 |    0.0002    0.0693 |
  271.000     1   272 |    0.0002    0.0695 |
  272.000     1   273 |    0.0006    0.0701 |
  273.000     1   274 |    0.0002    0.0703 |
  274.000     1   275 |    0.0002    0.0705 |
  275.000     1   276 |    0.0002    0.0707 |
  276.000     1   277 |    0.0002    0.0708 |
  277.000     1   278 |    0.0002    0.0710 |
  278.000     1   279 |    0.0002    0.0712 |
  279.000     1   280 |    0.0002    0.0714 |
  280.000     1   281 |    0.0011    0.0725 |
  281.000     1   282 |    0.0002    0.0727 |
  282.000     1   283 |    0.0002    0.0729 |
  283.000     1   284 |    0.0002    0.0731 |
  284.000     1   285 |    0.0002    0.0733 |
  285.000     1   286 |    0.0002    0.0734 |
  286.000     1   287 |    0.0002    0.0736 |
  287.000     1   288 |    0.0002    0.0738 |
  288.000     1   289 |    0.0012    0.0750 |
  289.000     1   290 |    0.0002    0.0752 |
  290.000     1   291 |    0.0003    0.0755 |
  291.000     1   292 |    0.0002    0.0756 |
  292.000     1   293 |    0.0002    0.0758 |
  293.000     1   294 |    0.0002    0.0760 |
  294.000     1   295 |    0.0002    0.0762 |
  295.000     1   296 |    0.0002    0.0764 |
  296.000     1   297 |    0.0002    0.0766 |
  297.000     1   298 |    0.0002    0.0768 |
  298.000     1   299 |    0.0002    0.0770 |
  299.000     1   300 |    0.0002    0.0772 |
  300.000     1   301 |    0.0002    0.0774 |
  301.000     1   302 |    0.0002    0.0776 |
  302.000     1   303 |    0.0002    0.0778 |
  303.000     1   304 |    0.0002    0.0780 |
  304.000     1   305 |    0.0003    0.0782 |
  305.000     1   306 |    0.0002    0.0784 |
  306.000     1   307 |    0.0002    0.0786 |
  307.000     1   308 |    0.0002    0.0788 |
  308.000     1   309 |    0.0002    0.0791 |
  309.000     1   310 |    0.0002    0.0793 |
  310.000     1   311 |    0.0002    0.0794 |
  311.000     1   312 |    0.0002    0.0796 |
  312.000     1   313 |    0.0003    0.0800 |
  313.000     1   314 |    0.0003    0.0802 |
  314.000     1   315 |    0.0002    0.0804 |
  315.000     1   316 |    0.0002    0.0806 |
  316.000     1   317 |    0.0002    0.0808 |
  317.000     1   318 |    0.0002    0.0810 |
  318.000     1   319 |    0.0002    0.0812 |
  319.000     1   320 |    0.0002    0.0814 |
  320.000     1   321 |    0.0002    0.0816 |
  321.000     1   322 |    0.0002    0.0818 |
  322.000     1   323 |    0.0002    0.0819 |
  323.000     1   324 |    0.0002    0.0821 |
  324.000     1   325 |    0.0002    0.0823 |
  325.000     1   326 |    0.0002    0.0825 |
  326.000     1   327 |    0.0002    0.0826 |
  327.000     1   328 |    0.0002    0.0828 |
  328.000     1   329 |    0.0002    0.0830 |
  329.000     1   330 |    0.0002    0.0832 |
  330.000     1   331 |    0.0002    0.0834 |
  331.000     1   332 |    0.0002    0.0836 |
  332.000     1   333 |    0.0002    0.0838 |
  333.000     1   334 |    0.0002    0.0839 |
  334.000     1   335 |    0.0002    0.0841 |
  335.000     1   336 |    0.0002    0.0843 |
  336.000     1   337 |    0.0002    0.0845 |
  337.000     1   338 |    0.0002    0.0846 |
  338.000     1   339 |    0.0002    0.0848 |
  339.000     1   340 |    0.0004    0.0852 |
  340.000     1   341 |    0.0002    0.0853 |
  341.000     1   342 |    0.0002    0.0855 |
  342.000     1   343 |    0.0002    0.0857 |
  343.000     1   344 |    0.0002    0.0859 |
  344.000     1   345 |    0.0002    0.0861 |
  345.000     1   346 |    0.0002    0.0863 |
  346.000     1   347 |    0.0002    0.0864 |
  347.000     1   348 |    0.0002    0.0866 |
  348.000     1   349 |    0.0002    0.0868 |
  349.000     1   350 |    0.0002    0.0870 |
  350.000     1   351 |    0.0002    0.0871 |
  351.000     1   352 |    0.0002    0.0873 |
  352.000     1   353 |    0.0002    0.0875 |
  353.000     1   354 |    0.0002    0.0877 |
  354.000     1   355 |    0.0002    0.0879 |
  355.000     1   356 |    0.0002    0.0881 |
  356.000     1   357 |    0.0002    0.0883 |
  357.000     1   358 |    0.0002    0.0885 |
  358.000     1   359 |    0.0002    0.0886 |
  359.000     1   360 |    0.0002    0.0888 |
  360.000     1   361 |    0.0003    0.0891 |
