          ----- ----- -------  -----  ----- | ---- ----- --------- --------- --------- |
          mn it mx it  avg it    its  ttits |   ss    ts        st      stps     stpit |
    0.000     0     0     0.0      0      0 |    1     1    0.0056    0.0056    0.0000 |
    1.000     1     1     1.0   1000   1000 | 1000  1001    0.5008    0.0005    0.0005 |
    2.000     1     1     1.0   1000   2000 | 1000  2001    0.5005    0.0005    0.0005 |
    3.000     1     1     1.0   1000   3000 | 1000  3001    0.4999    0.0005    0.0005 |
    4.000     1     1     1.0   1000   4000 | 1000  4001    0.5007    0.0005    0.0005 |
    5.000     1     1     1.0   1000   5000 | 1000  5001    0.5008    0.0005    0.0005 |
    6.000     1     1     1.0   1000   6000 | 1000  6001    0.5000    0.0005    0.0005 |
    7.000     1     1     1.0   1000   7000 | 1000  7001    0.5025    0.0005    0.0005 |
    8.000     1     1     1.0   1000   8000 | 1000  8001    0.5009    0.0005    0.0005 |
    9.000     1     1     1.0   1000   9000 | 1000  9001    0.5041    0.0005    0.0005 |
   10.000     1     1     1.0   1000  10000 | 1000 10001    0.5008    0.0005    0.0005 |
   11.000     1     1     1.0   1000  11000 | 1000 11001    0.5010    0.0005    0.0005 |
   12.000     1     1     1.0   1000  12000 | 1000 12001    0.5006    0.0005    0.0005 |
   13.000     1     1     1.0   1000  13000 | 1000 13001    0.5002    0.0005    0.0005 |
   14.000     1     1     1.0   1000  14000 | 1000 14001    0.5536    0.0006    0.0006 |
   15.000     1     1     1.0   1000  15000 | 1000 15001    0.5012    0.0005    0.0005 |
   16.000     1     1     1.0   1000  16000 | 1000 16001    0.5000    0.0005    0.0005 |
   17.000     1     1     1.0   1000  17000 | 1000 17001    0.4999    0.0005    0.0005 |
   18.000     1     1     1.0   1000  18000 | 1000 18001    0.5005    0.0005    0.0005 |
   19.000     1     1     1.0   1000  19000 | 1000 19001    0.5004    0.0005    0.0005 |
   20.000     1     1     1.0   1000  20000 | 1000 20001    0.5004    0.0005    0.0005 |
   21.000     1     1     1.0   1000  21000 | 1000 21001    0.5002    0.0005    0.0005 |
   22.000     1     1     1.0   1000  22000 | 1000 22001    0.5006    0.0005    0.0005 |
   23.000     1     1     1.0   1000  23000 | 1000 23001    0.4997    0.0005    0.0005 |
   24.000     1     1     1.0   1000  24000 | 1000 24001    0.5010    0.0005    0.0005 |
   25.000     1     1     1.0   1000  25000 | 1000 25001    0.5003    0.0005    0.0005 |
   26.000     1     1     1.0   1000  26000 | 1000 26001    0.4998    0.0005    0.0005 |
   27.000     1     1     1.0   1000  27000 | 1000 27001    0.5153    0.0005    0.0005 |
   28.000     1     1     1.0   1000  28000 | 1000 28001    0.5142    0.0005    0.0005 |
   29.000     1     1     1.0   1000  29000 | 1000 29001    0.5109    0.0005    0.0005 |
   30.000     1     1     1.0   1000  30000 | 1000 30001    0.5046    0.0005    0.0005 |
   31.000     1     1     1.0   1000  31000 | 1000 31001    0.5007    0.0005    0.0005 |
   32.000     1     1     1.0   1000  32000 | 1000 32001    0.5001    0.0005    0.0005 |
   33.000     1     1     1.0   1000  33000 | 1000 33001    0.5010    0.0005    0.0005 |
   34.000     1     1     1.0   1000  34000 | 1000 34001    0.4997    0.0005    0.0005 |
   35.000     1     1     1.0   1000  35000 | 1000 35001    0.5000    0.0005    0.0005 |
   36.000     1     1     1.0   1000  36000 | 1000 36001    0.5002    0.0005    0.0005 |
   37.000     1     1     1.0   1000  37000 | 1000 37001    0.5011    0.0005    0.0005 |
   38.000     1     1     1.0   1000  38000 | 1000 38001    0.5012    0.0005    0.0005 |
   39.000     1     1     1.0   1000  39000 | 1000 39001    0.5004    0.0005    0.0005 |
   40.000     1     1     1.0   1000  40000 | 1000 40001    0.5000    0.0005    0.0005 |
   41.000     1     1     1.0   1000  41000 | 1000 41001    0.5002    0.0005    0.0005 |
   42.000     1     1     1.0   1000  42000 | 1000 42001    0.5101    0.0005    0.0005 |
   43.000     1     1     1.0   1000  43000 | 1000 43001    0.5005    0.0005    0.0005 |
   44.000     1     1     1.0   1000  44000 | 1000 44001    0.5050    0.0005    0.0005 |
   45.000     1     1     1.0   1000  45000 | 1000 45001    0.5259    0.0005    0.0005 |
   46.000     1     1     1.0   1000  46000 | 1000 46001    0.5023    0.0005    0.0005 |
   47.000     1     1     1.0   1000  47000 | 1000 47001    0.5012    0.0005    0.0005 |
   48.000     1     1     1.0   1000  48000 | 1000 48001    0.5000    0.0005    0.0005 |
   49.000     1     1     1.0   1000  49000 | 1000 49001    0.4992    0.0005    0.0005 |
   50.000     1     1     1.0   1000  50000 | 1000 50001    0.4997    0.0005    0.0005 |
   51.000     1     1     1.0   1000  51000 | 1000 51001    0.5003    0.0005    0.0005 |
   52.000     1     1     1.0   1000  52000 | 1000 52001    0.5103    0.0005    0.0005 |
   53.000     1     1     1.0   1000  53000 | 1000 53001    0.5073    0.0005    0.0005 |
   54.000     1     1     1.0   1000  54000 | 1000 54001    0.5044    0.0005    0.0005 |
   55.000     1     1     1.0   1000  55000 | 1000 55001    0.5029    0.0005    0.0005 |
   56.000     1     1     1.0   1000  56000 | 1000 56001    0.5089    0.0005    0.0005 |
   57.000     1     1     1.0   1000  57000 | 1000 57001    0.5064    0.0005    0.0005 |
   58.000     1     1     1.0   1000  58000 | 1000 58001    0.5011    0.0005    0.0005 |
   59.000     1     1     1.0   1000  59000 | 1000 59001    0.5098    0.0005    0.0005 |
   60.000     1     1     1.0   1000  60000 | 1000 60001    0.5048    0.0005    0.0005 |
   61.000     1     1     1.0   1000  61000 | 1000 61001    0.5086    0.0005    0.0005 |
   62.000     1     1     1.0   1000  62000 | 1000 62001    0.5008    0.0005    0.0005 |
   63.000     1     1     1.0   1000  63000 | 1000 63001    0.5053    0.0005    0.0005 |
   64.000     1     1     1.0   1000  64000 | 1000 64001    0.5086    0.0005    0.0005 |
   65.000     1     1     1.0   1000  65000 | 1000 65001    0.5065    0.0005    0.0005 |
   66.000     1     1     1.0   1000  66000 | 1000 66001    0.5016    0.0005    0.0005 |
   67.000     1     1     1.0   1000  67000 | 1000 67001    0.5021    0.0005    0.0005 |
   68.000     1     1     1.0   1000  68000 | 1000 68001    0.5085    0.0005    0.0005 |
   69.000     1     1     1.0   1000  69000 | 1000 69001    0.5009    0.0005    0.0005 |
   70.000     1     1     1.0   1000  70000 | 1000 70001    0.5066    0.0005    0.0005 |
   71.000     1     1     1.0   1000  71000 | 1000 71001    0.5090    0.0005    0.0005 |
   72.000     1     1     1.0   1000  72000 | 1000 72001    0.5071    0.0005    0.0005 |
   73.000     1     1     1.0   1000  73000 | 1000 73001    0.5055    0.0005    0.0005 |
   74.000     1     1     1.0   1000  74000 | 1000 74001    0.5009    0.0005    0.0005 |
   75.000     1     1     1.0   1000  75000 | 1000 75001    0.5062    0.0005    0.0005 |
   76.000     1     1     1.0   1000  76000 | 1000 76001    0.5086    0.0005    0.0005 |
   77.000     1     1     1.0   1000  77000 | 1000 77001    0.5050    0.0005    0.0005 |
   78.000     1     1     1.0   1000  78000 | 1000 78001    0.5019    0.0005    0.0005 |
   79.000     1     1     1.0   1000  79000 | 1000 79001    0.5006    0.0005    0.0005 |
   80.000     1     1     1.0   1000  80000 | 1000 80001    0.4994    0.0005    0.0005 |
   81.000     1     1     1.0   1000  81000 | 1000 81001    0.5030    0.0005    0.0005 |
   82.000     1     1     1.0   1000  82000 | 1000 82001    0.5024    0.0005    0.0005 |
   83.000     1     1     1.0   1000  83000 | 1000 83001    0.5038    0.0005    0.0005 |
   84.000     1     1     1.0   1000  84000 | 1000 84001    0.5051    0.0005    0.0005 |
   85.000     1     1     1.0   1000  85000 | 1000 85001    0.5063    0.0005    0.0005 |
   86.000     1     1     1.0   1000  86000 | 1000 86001    0.5098    0.0005    0.0005 |
   87.000     1     1     1.0   1000  87000 | 1000 87001    0.5010    0.0005    0.0005 |
   88.000     1     1     1.0   1000  88000 | 1000 88001    0.5092    0.0005    0.0005 |
   89.000     1     1     1.0   1000  89000 | 1000 89001    0.5011    0.0005    0.0005 |
   90.000     1     1     1.0   1000  90000 | 1000 90001    0.5061    0.0005    0.0005 |
   91.000     1     1     1.0   1000  91000 | 1000 91001    0.5086    0.0005    0.0005 |
   92.000     1     1     1.0   1000  92000 | 1000 92001    0.5049    0.0005    0.0005 |
   93.000     1     1     1.0   1000  93000 | 1000 93001    0.5067    0.0005    0.0005 |
   94.000     1     1     1.0   1000  94000 | 1000 94001    0.5085    0.0005    0.0005 |
   95.000     1     1     1.0   1000  95000 | 1000 95001    0.5068    0.0005    0.0005 |
   96.000     1     1     1.0   1000  96000 | 1000 96001    0.5067    0.0005    0.0005 |
   97.000     1     1     1.0   1000  97000 | 1000 97001    0.5062    0.0005    0.0005 |
   98.000     1     1     1.0   1000  98000 | 1000 98001    0.5072    0.0005    0.0005 |
   99.000     1     1     1.0   1000  99000 | 1000 99001    0.5084    0.0005    0.0005 |
  100.000     1     1     1.0   1000 100000 | 1000 100001    0.5107    0.0005    0.0005 |
  101.000     1     1     1.0   1000 101000 | 1000 101001    0.5078    0.0005    0.0005 |
  102.000     1     1     1.0   1000 102000 | 1000 102001    0.5094    0.0005    0.0005 |
  103.000     1     1     1.0   1000 103000 | 1000 103001    0.5089    0.0005    0.0005 |
  104.000     1     1     1.0   1000 104000 | 1000 104001    0.5084    0.0005    0.0005 |
  105.000     1     1     1.0   1000 105000 | 1000 105001    0.5079    0.0005    0.0005 |
  106.000     1     1     1.0   1000 106000 | 1000 106001    0.5091    0.0005    0.0005 |
  107.000     1     1     1.0   1000 107000 | 1000 107001    0.5238    0.0005    0.0005 |
  108.000     1     1     1.0   1000 108000 | 1000 108001    0.5084    0.0005    0.0005 |
  109.000     1     1     1.0   1000 109000 | 1000 109001    0.5094    0.0005    0.0005 |
  110.000     1     1     1.0   1000 110000 | 1000 110001    0.5090    0.0005    0.0005 |
  111.000     1     1     1.0   1000 111000 | 1000 111001    0.5080    0.0005    0.0005 |
  112.000     1     1     1.0   1000 112000 | 1000 112001    0.5077    0.0005    0.0005 |
  113.000     1     1     1.0   1000 113000 | 1000 113001    0.5083    0.0005    0.0005 |
  114.000     1     1     1.0   1000 114000 | 1000 114001    0.5070    0.0005    0.0005 |
  115.000     1     1     1.0   1000 115000 | 1000 115001    0.5093    0.0005    0.0005 |
  116.000     1     1     1.0   1000 116000 | 1000 116001    0.5086    0.0005    0.0005 |
  117.000     1     1     1.0   1000 117000 | 1000 117001    0.5076    0.0005    0.0005 |
  118.000     1     1     1.0   1000 118000 | 1000 118001    0.5105    0.0005    0.0005 |
  119.000     1     1     1.0   1000 119000 | 1000 119001    0.5119    0.0005    0.0005 |
  120.000     1     1     1.0   1000 120000 | 1000 120001    0.5093    0.0005    0.0005 |
  121.000     1     1     1.0   1000 121000 | 1000 121001    0.5083    0.0005    0.0005 |
  122.000     1     1     1.0   1000 122000 | 1000 122001    0.5087    0.0005    0.0005 |
  123.000     1     1     1.0   1000 123000 | 1000 123001    0.5083    0.0005    0.0005 |
  124.000     1     1     1.0   1000 124000 | 1000 124001    0.5084    0.0005    0.0005 |
  125.000     1     1     1.0   1000 125000 | 1000 125001    0.5098    0.0005    0.0005 |
  126.000     1     1     1.0   1000 126000 | 1000 126001    0.5096    0.0005    0.0005 |
  127.000     1     1     1.0   1000 127000 | 1000 127001    0.5095    0.0005    0.0005 |
  128.000     1     1     1.0   1000 128000 | 1000 128001    0.5096    0.0005    0.0005 |
  129.000     1     1     1.0   1000 129000 | 1000 129001    0.5093    0.0005    0.0005 |
  130.000     1     1     1.0   1000 130000 | 1000 130001    0.5088    0.0005    0.0005 |
  131.000     1     1     1.0   1000 131000 | 1000 131001    0.5084    0.0005    0.0005 |
  132.000     1     1     1.0   1000 132000 | 1000 132001    0.5086    0.0005    0.0005 |
  133.000     1     1     1.0   1000 133000 | 1000 133001    0.5086    0.0005    0.0005 |
  134.000     1     1     1.0   1000 134000 | 1000 134001    0.5092    0.0005    0.0005 |
  135.000     1     1     1.0   1000 135000 | 1000 135001    0.5089    0.0005    0.0005 |
  136.000     1     1     1.0   1000 136000 | 1000 136001    0.5083    0.0005    0.0005 |
  137.000     1     1     1.0   1000 137000 | 1000 137001    0.5082    0.0005    0.0005 |
  138.000     1     1     1.0   1000 138000 | 1000 138001    0.5080    0.0005    0.0005 |
  139.000     1     1     1.0   1000 139000 | 1000 139001    0.5083    0.0005    0.0005 |
  140.000     1     1     1.0   1000 140000 | 1000 140001    0.5093    0.0005    0.0005 |
  141.000     1     1     1.0   1000 141000 | 1000 141001    0.5075    0.0005    0.0005 |
  142.000     1     1     1.0   1000 142000 | 1000 142001    0.5085    0.0005    0.0005 |
  143.000     1     1     1.0   1000 143000 | 1000 143001    0.5082    0.0005    0.0005 |
  144.000     1     1     1.0   1000 144000 | 1000 144001    0.5081    0.0005    0.0005 |
  145.000     1     1     1.0   1000 145000 | 1000 145001    0.5080    0.0005    0.0005 |
  146.000     1     1     1.0   1000 146000 | 1000 146001    0.5078    0.0005    0.0005 |
  147.000     1     1     1.0   1000 147000 | 1000 147001    0.5085    0.0005    0.0005 |
  148.000     1     1     1.0   1000 148000 | 1000 148001    0.5094    0.0005    0.0005 |
  149.000     1     1     1.0   1000 149000 | 1000 149001    0.5089    0.0005    0.0005 |
  150.000     1     1     1.0   1000 150000 | 1000 150001    0.5083    0.0005    0.0005 |
  151.000     1     1     1.0   1000 151000 | 1000 151001    0.5079    0.0005    0.0005 |
  152.000     1     1     1.0   1000 152000 | 1000 152001    0.5074    0.0005    0.0005 |
  153.000     1     1     1.0   1000 153000 | 1000 153001    0.5079    0.0005    0.0005 |
  154.000     1     1     1.0   1000 154000 | 1000 154001    0.5076    0.0005    0.0005 |
  155.000     1     1     1.0   1000 155000 | 1000 155001    0.5077    0.0005    0.0005 |
  156.000     1     1     1.0   1000 156000 | 1000 156001    0.5078    0.0005    0.0005 |
  157.000     1     1     1.0   1000 157000 | 1000 157001    0.5086    0.0005    0.0005 |
  158.000     1     1     1.0   1000 158000 | 1000 158001    0.5079    0.0005    0.0005 |
  159.000     1     1     1.0   1000 159000 | 1000 159001    0.5084    0.0005    0.0005 |
  160.000     1     1     1.0   1000 160000 | 1000 160001    0.5091    0.0005    0.0005 |
  161.000     1     1     1.0   1000 161000 | 1000 161001    0.5093    0.0005    0.0005 |
  162.000     1     1     1.0   1000 162000 | 1000 162001    0.5089    0.0005    0.0005 |
  163.000     1     1     1.0   1000 163000 | 1000 163001    0.5082    0.0005    0.0005 |
  164.000     1     1     1.0   1000 164000 | 1000 164001    0.5097    0.0005    0.0005 |
  165.000     1     1     1.0   1000 165000 | 1000 165001    0.5091    0.0005    0.0005 |
  166.000     1     1     1.0   1000 166000 | 1000 166001    0.5093    0.0005    0.0005 |
  167.000     1     1     1.0   1000 167000 | 1000 167001    0.5086    0.0005    0.0005 |
  168.000     1     1     1.0   1000 168000 | 1000 168001    0.5109    0.0005    0.0005 |
  169.000     1     1     1.0   1000 169000 | 1000 169001    0.5098    0.0005    0.0005 |
  170.000     1     1     1.0   1000 170000 | 1000 170001    0.5083    0.0005    0.0005 |
  171.000     1     1     1.0   1000 171000 | 1000 171001    0.5439    0.0005    0.0005 |
  172.000     1     1     1.0   1000 172000 | 1000 172001    0.6895    0.0007    0.0007 |
  173.000     1     1     1.0   1000 173000 | 1000 173001    0.5842    0.0006    0.0006 |
  174.000     1     1     1.0   1000 174000 | 1000 174001    0.5247    0.0005    0.0005 |
  175.000     1     1     1.0   1000 175000 | 1000 175001    0.5151    0.0005    0.0005 |
  176.000     1     1     1.0   1000 176000 | 1000 176001    0.5094    0.0005    0.0005 |
  177.000     1     1     1.0   1000 177000 | 1000 177001    0.5110    0.0005    0.0005 |
  178.000     1     1     1.0   1000 178000 | 1000 178001    0.5144    0.0005    0.0005 |
  179.000     1     1     1.0   1000 179000 | 1000 179001    0.5117    0.0005    0.0005 |
  180.000     1     1     1.0   1000 180000 | 1000 180001    0.5115    0.0005    0.0005 |
  181.000     1     1     1.0   1000 181000 | 1000 181001    0.5419    0.0005    0.0005 |
  182.000     1     1     1.0   1000 182000 | 1000 182001    0.5172    0.0005    0.0005 |
  183.000     1     1     1.0   1000 183000 | 1000 183001    0.5258    0.0005    0.0005 |
  184.000     1     1     1.0   1000 184000 | 1000 184001    0.5900    0.0006    0.0006 |
  185.000     1     1     1.0   1000 185000 | 1000 185001    0.5660    0.0006    0.0006 |
  186.000     1     1     1.0   1000 186000 | 1000 186001    0.5097    0.0005    0.0005 |
  187.000     1     1     1.0   1000 187000 | 1000 187001    0.5202    0.0005    0.0005 |
  188.000     1     1     1.0   1000 188000 | 1000 188001    0.5576    0.0006    0.0006 |
  189.000     1     1     1.0   1000 189000 | 1000 189001    0.5220    0.0005    0.0005 |
  190.000     1     1     1.0   1000 190000 | 1000 190001    0.5179    0.0005    0.0005 |
  191.000     1     1     1.0   1000 191000 | 1000 191001    0.5087    0.0005    0.0005 |
  192.000     1     1     1.0   1000 192000 | 1000 192001    0.5190    0.0005    0.0005 |
  193.000     1     1     1.0   1000 193000 | 1000 193001    0.5091    0.0005    0.0005 |
  194.000     1     1     1.0   1000 194000 | 1000 194001    0.5083    0.0005    0.0005 |
  195.000     1     1     1.0   1000 195000 | 1000 195001    0.5083    0.0005    0.0005 |
  196.000     1     1     1.0   1000 196000 | 1000 196001    0.5082    0.0005    0.0005 |
  197.000     1     1     1.0   1000 197000 | 1000 197001    0.5078    0.0005    0.0005 |
  198.000     1     1     1.0   1000 198000 | 1000 198001    0.5076    0.0005    0.0005 |
  199.000     1     1     1.0   1000 199000 | 1000 199001    0.5078    0.0005    0.0005 |
  200.000     1     1     1.0   1000 200000 | 1000 200001    0.5082    0.0005    0.0005 |
  201.000     1     1     1.0   1000 201000 | 1000 201001    0.5181    0.0005    0.0005 |
  202.000     1     1     1.0   1000 202000 | 1000 202001    0.5305    0.0005    0.0005 |
  203.000     1     1     1.0   1000 203000 | 1000 203001    0.5079    0.0005    0.0005 |
  204.000     1     1     1.0   1000 204000 | 1000 204001    0.5111    0.0005    0.0005 |
  205.000     1     1     1.0   1000 205000 | 1000 205001    0.5087    0.0005    0.0005 |
  206.000     1     1     1.0   1000 206000 | 1000 206001    0.5085    0.0005    0.0005 |
  207.000     1     1     1.0   1000 207000 | 1000 207001    0.5115    0.0005    0.0005 |
  208.000     1     1     1.0   1000 208000 | 1000 208001    0.5135    0.0005    0.0005 |
  209.000     1     1     1.0   1000 209000 | 1000 209001    0.5104    0.0005    0.0005 |
  210.000     1     1     1.0   1000 210000 | 1000 210001    0.5095    0.0005    0.0005 |
  211.000     1     1     1.0   1000 211000 | 1000 211001    0.5094    0.0005    0.0005 |
  212.000     1     1     1.0   1000 212000 | 1000 212001    0.5085    0.0005    0.0005 |
  213.000     1     1     1.0   1000 213000 | 1000 213001    0.5088    0.0005    0.0005 |
  214.000     1     1     1.0   1000 214000 | 1000 214001    0.5094    0.0005    0.0005 |
  215.000     1     1     1.0   1000 215000 | 1000 215001    0.5098    0.0005    0.0005 |
  216.000     1     1     1.0   1000 216000 | 1000 216001    0.5091    0.0005    0.0005 |
  217.000     1     1     1.0   1000 217000 | 1000 217001    0.5097    0.0005    0.0005 |
  218.000     1     1     1.0   1000 218000 | 1000 218001    0.5086    0.0005    0.0005 |
  219.000     1     1     1.0   1000 219000 | 1000 219001    0.5095    0.0005    0.0005 |
  220.000     1     1     1.0   1000 220000 | 1000 220001    0.5096    0.0005    0.0005 |
  221.000     1     1     1.0   1000 221000 | 1000 221001    0.5103    0.0005    0.0005 |
  222.000     1     1     1.0   1000 222000 | 1000 222001    0.5090    0.0005    0.0005 |
  223.000     1     1     1.0   1000 223000 | 1000 223001    0.5095    0.0005    0.0005 |
  224.000     1     1     1.0   1000 224000 | 1000 224001    0.5090    0.0005    0.0005 |
  225.000     1     1     1.0   1000 225000 | 1000 225001    0.5099    0.0005    0.0005 |
  226.000     1     1     1.0   1000 226000 | 1000 226001    0.5098    0.0005    0.0005 |
  227.000     1     1     1.0   1000 227000 | 1000 227001    0.5092    0.0005    0.0005 |
  228.000     1     1     1.0   1000 228000 | 1000 228001    0.5095    0.0005    0.0005 |
  229.000     1     1     1.0   1000 229000 | 1000 229001    0.5094    0.0005    0.0005 |
  230.000     1     1     1.0   1000 230000 | 1000 230001    0.5091    0.0005    0.0005 |
  231.000     1     1     1.0   1000 231000 | 1000 231001    0.5105    0.0005    0.0005 |
  232.000     1     1     1.0   1000 232000 | 1000 232001    0.5121    0.0005    0.0005 |
  233.000     1     1     1.0   1000 233000 | 1000 233001    0.5096    0.0005    0.0005 |
  234.000     1     1     1.0   1000 234000 | 1000 234001    0.5098    0.0005    0.0005 |
  235.000     1     1     1.0   1000 235000 | 1000 235001    0.5099    0.0005    0.0005 |
  236.000     1     1     1.0   1000 236000 | 1000 236001    0.5088    0.0005    0.0005 |
  237.000     1     1     1.0   1000 237000 | 1000 237001    0.5100    0.0005    0.0005 |
  238.000     1     1     1.0   1000 238000 | 1000 238001    0.5098    0.0005    0.0005 |
  239.000     1     1     1.0   1000 239000 | 1000 239001    0.5088    0.0005    0.0005 |
  240.000     1     1     1.0   1000 240000 | 1000 240001    0.5096    0.0005    0.0005 |
  241.000     1     1     1.0   1000 241000 | 1000 241001    0.5088    0.0005    0.0005 |
  242.000     1     1     1.0   1000 242000 | 1000 242001    0.5088    0.0005    0.0005 |
  243.000     1     1     1.0   1000 243000 | 1000 243001    0.5099    0.0005    0.0005 |
  244.000     1     1     1.0   1000 244000 | 1000 244001    0.5099    0.0005    0.0005 |
  245.000     1     1     1.0   1000 245000 | 1000 245001    0.5087    0.0005    0.0005 |
  246.000     1     1     1.0   1000 246000 | 1000 246001    0.5093    0.0005    0.0005 |
  247.000     1     1     1.0   1000 247000 | 1000 247001    0.5091    0.0005    0.0005 |
  248.000     1     1     1.0   1000 248000 | 1000 248001    0.5087    0.0005    0.0005 |
  249.000     1     1     1.0   1000 249000 | 1000 249001    0.5093    0.0005    0.0005 |
  250.000     1     1     1.0   1000 250000 | 1000 250001    0.5103    0.0005    0.0005 |
  251.000     1     1     1.0   1000 251000 | 1000 251001    0.5118    0.0005    0.0005 |
  252.000     1     1     1.0   1000 252000 | 1000 252001    0.5111    0.0005    0.0005 |
  253.000     1     1     1.0   1000 253000 | 1000 253001    0.5099    0.0005    0.0005 |
  254.000     1     1     1.0   1000 254000 | 1000 254001    0.5095    0.0005    0.0005 |
  255.000     1     1     1.0   1000 255000 | 1000 255001    0.5091    0.0005    0.0005 |
  256.000     1     1     1.0   1000 256000 | 1000 256001    0.5087    0.0005    0.0005 |
  257.000     1     1     1.0   1000 257000 | 1000 257001    0.5093    0.0005    0.0005 |
  258.000     1     1     1.0   1000 258000 | 1000 258001    0.5080    0.0005    0.0005 |
  259.000     1     1     1.0   1000 259000 | 1000 259001    0.5078    0.0005    0.0005 |
  260.000     1     1     1.0   1000 260000 | 1000 260001    0.5086    0.0005    0.0005 |
  261.000     1     1     1.0   1000 261000 | 1000 261001    0.5080    0.0005    0.0005 |
  262.000     1     1     1.0   1000 262000 | 1000 262001    0.5089    0.0005    0.0005 |
  263.000     1     1     1.0   1000 263000 | 1000 263001    0.5092    0.0005    0.0005 |
  264.000     1     1     1.0   1000 264000 | 1000 264001    0.5091    0.0005    0.0005 |
  265.000     1     1     1.0   1000 265000 | 1000 265001    0.5186    0.0005    0.0005 |
  266.000     1     1     1.0   1000 266000 | 1000 266001    0.5108    0.0005    0.0005 |
  267.000     1     1     1.0   1000 267000 | 1000 267001    0.5161    0.0005    0.0005 |
  268.000     1     1     1.0   1000 268000 | 1000 268001    0.5173    0.0005    0.0005 |
  269.000     1     1     1.0   1000 269000 | 1000 269001    0.5107    0.0005    0.0005 |
  270.000     1     1     1.0   1000 270000 | 1000 270001    0.5207    0.0005    0.0005 |
  271.000     1     1     1.0   1000 271000 | 1000 271001    0.5103    0.0005    0.0005 |
  272.000     1     1     1.0   1000 272000 | 1000 272001    0.5092    0.0005    0.0005 |
  273.000     1     1     1.0   1000 273000 | 1000 273001    0.5090    0.0005    0.0005 |
  274.000     1     1     1.0   1000 274000 | 1000 274001    0.5097    0.0005    0.0005 |
  275.000     1     1     1.0   1000 275000 | 1000 275001    0.5088    0.0005    0.0005 |
  276.000     1     1     1.0   1000 276000 | 1000 276001    0.5094    0.0005    0.0005 |
  277.000     1     1     1.0   1000 277000 | 1000 277001    0.5091    0.0005    0.0005 |
  278.000     1     1     1.0   1000 278000 | 1000 278001    0.5094    0.0005    0.0005 |
  279.000     1     1     1.0   1000 279000 | 1000 279001    0.5096    0.0005    0.0005 |
  280.000     1     1     1.0   1000 280000 | 1000 280001    0.5132    0.0005    0.0005 |
  281.000     1     1     1.0   1000 281000 | 1000 281001    0.5087    0.0005    0.0005 |
  282.000     1     1     1.0   1000 282000 | 1000 282001    0.5095    0.0005    0.0005 |
  283.000     1     1     1.0   1000 283000 | 1000 283001    0.5096    0.0005    0.0005 |
  284.000     1     1     1.0   1000 284000 | 1000 284001    0.5087    0.0005    0.0005 |
  285.000     1     1     1.0   1000 285000 | 1000 285001    0.5091    0.0005    0.0005 |
  286.000     1     1     1.0   1000 286000 | 1000 286001    0.5088    0.0005    0.0005 |
  287.000     1     1     1.0   1000 287000 | 1000 287001    0.5092    0.0005    0.0005 |
  288.000     1     1     1.0   1000 288000 | 1000 288001    0.5089    0.0005    0.0005 |
  289.000     1     1     1.0   1000 289000 | 1000 289001    0.5086    0.0005    0.0005 |
  290.000     1     1     1.0   1000 290000 | 1000 290001    0.5093    0.0005    0.0005 |
  291.000     1     1     1.0   1000 291000 | 1000 291001    0.5096    0.0005    0.0005 |
  292.000     1     1     1.0   1000 292000 | 1000 292001    0.5086    0.0005    0.0005 |
  293.000     1     1     1.0   1000 293000 | 1000 293001    0.5087    0.0005    0.0005 |
  294.000     1     1     1.0   1000 294000 | 1000 294001    0.5090    0.0005    0.0005 |
  295.000     1     1     1.0   1000 295000 | 1000 295001    0.5087    0.0005    0.0005 |
  296.000     1     1     1.0   1000 296000 | 1000 296001    0.5096    0.0005    0.0005 |
  297.000     1     1     1.0   1000 297000 | 1000 297001    0.5104    0.0005    0.0005 |
  298.000     1     1     1.0   1000 298000 | 1000 298001    0.5121    0.0005    0.0005 |
  299.000     1     1     1.0   1000 299000 | 1000 299001    0.5089    0.0005    0.0005 |
  300.000     1     1     1.0   1000 300000 | 1000 300001    0.5091    0.0005    0.0005 |
  301.000     1     1     1.0   1000 301000 | 1000 301001    0.5096    0.0005    0.0005 |
  302.000     1     1     1.0   1000 302000 | 1000 302001    0.5099    0.0005    0.0005 |
  303.000     1     1     1.0   1000 303000 | 1000 303001    0.5110    0.0005    0.0005 |
  304.000     1     1     1.0   1000 304000 | 1000 304001    0.5102    0.0005    0.0005 |
  305.000     1     1     1.0   1000 305000 | 1000 305001    0.5091    0.0005    0.0005 |
  306.000     1     1     1.0   1000 306000 | 1000 306001    0.5095    0.0005    0.0005 |
  307.000     1     1     1.0   1000 307000 | 1000 307001    0.5241    0.0005    0.0005 |
  308.000     1     1     1.0   1000 308000 | 1000 308001    0.5093    0.0005    0.0005 |
  309.000     1     1     1.0   1000 309000 | 1000 309001    0.5092    0.0005    0.0005 |
  310.000     1     1     1.0   1000 310000 | 1000 310001    0.5092    0.0005    0.0005 |
  311.000     1     1     1.0   1000 311000 | 1000 311001    0.5092    0.0005    0.0005 |
  312.000     1     1     1.0   1000 312000 | 1000 312001    0.5102    0.0005    0.0005 |
  313.000     1     1     1.0   1000 313000 | 1000 313001    0.5436    0.0005    0.0005 |
  314.000     1     1     1.0   1000 314000 | 1000 314001    0.5110    0.0005    0.0005 |
  315.000     1     1     1.0   1000 315000 | 1000 315001    0.5111    0.0005    0.0005 |
  316.000     1     1     1.0   1000 316000 | 1000 316001    0.5110    0.0005    0.0005 |
  317.000     1     1     1.0   1000 317000 | 1000 317001    0.5095    0.0005    0.0005 |
  318.000     1     1     1.0   1000 318000 | 1000 318001    0.5084    0.0005    0.0005 |
  319.000     1     1     1.0   1000 319000 | 1000 319001    0.5097    0.0005    0.0005 |
  320.000     1     1     1.0   1000 320000 | 1000 320001    0.5098    0.0005    0.0005 |
  321.000     1     1     1.0   1000 321000 | 1000 321001    0.5093    0.0005    0.0005 |
  322.000     1     1     1.0   1000 322000 | 1000 322001    0.5118    0.0005    0.0005 |
  323.000     1     1     1.0   1000 323000 | 1000 323001    0.5083    0.0005    0.0005 |
  324.000     1     1     1.0   1000 324000 | 1000 324001    0.5084    0.0005    0.0005 |
  325.000     1     1     1.0   1000 325000 | 1000 325001    0.5088    0.0005    0.0005 |
  326.000     1     1     1.0   1000 326000 | 1000 326001    0.5089    0.0005    0.0005 |
  327.000     1     1     1.0   1000 327000 | 1000 327001    0.5081    0.0005    0.0005 |
  328.000     1     1     1.0   1000 328000 | 1000 328001    0.5090    0.0005    0.0005 |
  329.000     1     1     1.0   1000 329000 | 1000 329001    0.5085    0.0005    0.0005 |
  330.000     1     1     1.0   1000 330000 | 1000 330001    0.5085    0.0005    0.0005 |
  331.000     1     1     1.0   1000 331000 | 1000 331001    0.5088    0.0005    0.0005 |
  332.000     1     1     1.0   1000 332000 | 1000 332001    0.5090    0.0005    0.0005 |
  333.000     1     1     1.0   1000 333000 | 1000 333001    0.5093    0.0005    0.0005 |
  334.000     1     1     1.0   1000 334000 | 1000 334001    0.5093    0.0005    0.0005 |
  335.000     1     1     1.0   1000 335000 | 1000 335001    0.5091    0.0005    0.0005 |
  336.000     1     1     1.0   1000 336000 | 1000 336001    0.5097    0.0005    0.0005 |
  337.000     1     1     1.0   1000 337000 | 1000 337001    0.5097    0.0005    0.0005 |
  338.000     1     1     1.0   1000 338000 | 1000 338001    0.5087    0.0005    0.0005 |
  339.000     1     1     1.0   1000 339000 | 1000 339001    0.5228    0.0005    0.0005 |
  340.000     1     1     1.0   1000 340000 | 1000 340001    0.5085    0.0005    0.0005 |
  341.000     1     1     1.0   1000 341000 | 1000 341001    0.5092    0.0005    0.0005 |
  342.000     1     1     1.0   1000 342000 | 1000 342001    0.5096    0.0005    0.0005 |
  343.000     1     1     1.0   1000 343000 | 1000 343001    0.5092    0.0005    0.0005 |
  344.000     1     1     1.0   1000 344000 | 1000 344001    0.5084    0.0005    0.0005 |
  345.000     1     1     1.0   1000 345000 | 1000 345001    0.5088    0.0005    0.0005 |
  346.000     1     1     1.0   1000 346000 | 1000 346001    0.5090    0.0005    0.0005 |
  347.000     1     1     1.0   1000 347000 | 1000 347001    0.5093    0.0005    0.0005 |
  348.000     1     1     1.0   1000 348000 | 1000 348001    0.5096    0.0005    0.0005 |
  349.000     1     1     1.0   1000 349000 | 1000 349001    0.5085    0.0005    0.0005 |
  350.000     1     1     1.0   1000 350000 | 1000 350001    0.5086    0.0005    0.0005 |
  351.000     1     1     1.0   1000 351000 | 1000 351001    0.5103    0.0005    0.0005 |
  352.000     1     1     1.0   1000 352000 | 1000 352001    0.5092    0.0005    0.0005 |
  353.000     1     1     1.0   1000 353000 | 1000 353001    0.5095    0.0005    0.0005 |
  354.000     1     1     1.0   1000 354000 | 1000 354001    0.5097    0.0005    0.0005 |
  355.000     1     1     1.0   1000 355000 | 1000 355001    0.5090    0.0005    0.0005 |
  356.000     1     1     1.0   1000 356000 | 1000 356001    0.5093    0.0005    0.0005 |
  357.000     1     1     1.0   1000 357000 | 1000 357001    0.5088    0.0005    0.0005 |
  358.000     1     1     1.0   1000 358000 | 1000 358001    0.5089    0.0005    0.0005 |
  359.000     1     1     1.0   1000 359000 | 1000 359001    0.5093    0.0005    0.0005 |
  360.000     1     1     1.0   1000 360000 | 1000 360001    0.5098    0.0005    0.0005 |
