          ----- ----- | --------- --------- |
            cls ttcls |      time  tot time |
    0.000     1     1 |    0.0054    0.0054 |
    1.000     1     2 |    0.0002    0.0056 |
    2.000     1     3 |    0.0010    0.0066 |
    3.000     1     4 |    0.0009    0.0075 |
    4.000     1     5 |    0.0010    0.0085 |
    5.000     1     6 |    0.0002    0.0087 |
    6.000     1     7 |    0.0002    0.0088 |
    7.000     1     8 |    0.0002    0.0090 |
    8.000     1     9 |    0.0002    0.0092 |
    9.000     1    10 |    0.0009    0.0101 |
   10.000     1    11 |    0.0002    0.0102 |
   11.000     1    12 |    0.0002    0.0104 |
   12.000     1    13 |    0.0015    0.0119 |
   13.000     1    14 |    0.0002    0.0121 |
   14.000     1    15 |    0.0002    0.0123 |
   15.000     1    16 |    0.0002    0.0124 |
   16.000     1    17 |    0.0002    0.0126 |
   17.000     1    18 |    0.0002    0.0128 |
   18.000     1    19 |    0.0001    0.0129 |
   19.000     1    20 |    0.0010    0.0139 |
   20.000     1    21 |    0.0001    0.0141 |
   21.000     1    22 |    0.0002    0.0143 |
   22.000     1    23 |    0.0002    0.0144 |
   23.000     1    24 |    0.0002    0.0146 |
   24.000     1    25 |    0.0002    0.0148 |
   25.000     1    26 |    0.0002    0.0150 |
   26.000     1    27 |    0.0002    0.0151 |
   27.000     1    28 |    0.0002    0.0153 |
   28.000     1    29 |    0.0002    0.0154 |
   29.000     1    30 |    0.0002    0.0156 |
   30.000     1    31 |    0.0002    0.0158 |
   31.000     1    32 |    0.0001    0.0159 |
   32.000     1    33 |    0.0002    0.0161 |
   33.000     1    34 |    0.0002    0.0163 |
   34.000     1    35 |    0.0002    0.0164 |
   35.000     1    36 |    0.0004    0.0169 |
   36.000     1    37 |    0.0002    0.0171 |
   37.000     1    38 |    0.0003    0.0173 |
   38.000     1    39 |    0.0003    0.0177 |
   39.000     1    40 |    0.0002    0.0179 |
   40.000     1    41 |    0.0004    0.0183 |
   41.000     1    42 |    0.0003    0.0186 |
   42.000     1    43 |    0.0002    0.0189 |
   43.000     1    44 |    0.0006    0.0194 |
   44.000     1    45 |    0.0002    0.0196 |
   45.000     1    46 |    0.0002    0.0198 |
   46.000     1    47 |    0.0002    0.0200 |
   47.000     1    48 |    0.0002    0.0202 |
   48.000     1    49 |    0.0010    0.0211 |
   49.000     1    50 |    0.0002    0.0213 |
   50.000     1    51 |    0.0010    0.0223 |
   51.000     1    52 |    0.0001    0.0225 |
   52.000     1    53 |    0.0011    0.0236 |
   53.000     1    54 |    0.0014    0.0250 |
   54.000     1    55 |    0.0002    0.0252 |
   55.000     1    56 |    0.0009    0.0261 |
   56.000     1    57 |    0.0002    0.0263 |
   57.000     1    58 |    0.0009    0.0272 |
   58.000     1    59 |    0.0001    0.0273 |
   59.000     1    60 |    0.0002    0.0275 |
   60.000     1    61 |    0.0007    0.0282 |
   61.000     1    62 |    0.0011    0.0293 |
   62.000     1    63 |    0.0015    0.0308 |
   63.000     1    64 |    0.0011    0.0320 |
   64.000     1    65 |    0.0006    0.0326 |
   65.000     1    66 |    0.0001    0.0327 |
   66.000     1    67 |    0.0009    0.0337 |
   67.000     1    68 |    0.0012    0.0348 |
   68.000     1    69 |    0.0002    0.0350 |
   69.000     1    70 |    0.0001    0.0351 |
   70.000     1    71 |    0.0012    0.0363 |
   71.000     1    72 |    0.0009    0.0372 |
   72.000     1    73 |    0.0012    0.0384 |
   73.000     1    74 |    0.0006    0.0391 |
   74.000     1    75 |    0.0010    0.0401 |
   75.000     1    76 |    0.0004    0.0405 |
   76.000     1    77 |    0.0004    0.0409 |
   77.000     1    78 |    0.0006    0.0415 |
   78.000     1    79 |    0.0004    0.0418 |
   79.000     1    80 |    0.0004    0.0423 |
   80.000     1    81 |    0.0001    0.0424 |
   81.000     1    82 |    0.0010    0.0434 |
   82.000     1    83 |    0.0014    0.0447 |
   83.000     1    84 |    0.0002    0.0449 |
   84.000     1    85 |    0.0007    0.0456 |
   85.000     1    86 |    0.0002    0.0458 |
   86.000     1    87 |    0.0008    0.0466 |
   87.000     1    88 |    0.0010    0.0475 |
   88.000     1    89 |    0.0012    0.0487 |
   89.000     1    90 |    0.0001    0.0488 |
   90.000     1    91 |    0.0010    0.0498 |
   91.000     1    92 |    0.0009    0.0508 |
   92.000     1    93 |    0.0010    0.0517 |
   93.000     1    94 |    0.0009    0.0527 |
   94.000     1    95 |    0.0002    0.0528 |
   95.000     1    96 |    0.0009    0.0538 |
   96.000     1    97 |    0.0002    0.0539 |
   97.000     1    98 |    0.0002    0.0541 |
   98.000     1    99 |    0.0001    0.0542 |
   99.000     1   100 |    0.0002    0.0544 |
  100.000     1   101 |    0.0012    0.0556 |
  101.000     1   102 |    0.0016    0.0571 |
  102.000     1   103 |    0.0009    0.0581 |
  103.000     1   104 |    0.0010    0.0591 |
  104.000     1   105 |    0.0010    0.0600 |
  105.000     1   106 |    0.0014    0.0614 |
  106.000     1   107 |    0.0002    0.0616 |
  107.000     1   108 |    0.0009    0.0625 |
  108.000     1   109 |    0.0011    0.0637 |
  109.000     1   110 |    0.0002    0.0638 |
  110.000     1   111 |    0.0002    0.0640 |
  111.000     1   112 |    0.0001    0.0641 |
  112.000     1   113 |    0.0009    0.0651 |
  113.000     1   114 |    0.0002    0.0652 |
  114.000     1   115 |    0.0014    0.0666 |
  115.000     1   116 |    0.0029    0.0695 |
  116.000     1   117 |    0.0002    0.0696 |
  117.000     1   118 |    0.0002    0.0698 |
  118.000     1   119 |    0.0011    0.0709 |
  119.000     1   120 |    0.0004    0.0713 |
  120.000     1   121 |    0.0009    0.0722 |
  121.000     1   122 |    0.0002    0.0724 |
  122.000     1   123 |    0.0002    0.0726 |
  123.000     1   124 |    0.0002    0.0727 |
  124.000     1   125 |    0.0002    0.0729 |
  125.000     1   126 |    0.0002    0.0731 |
  126.000     1   127 |    0.0002    0.0733 |
  127.000     1   128 |    0.0002    0.0735 |
  128.000     1   129 |    0.0009    0.0744 |
  129.000     1   130 |    0.0001    0.0745 |
  130.000     1   131 |    0.0002    0.0747 |
  131.000     1   132 |    0.0002    0.0749 |
  132.000     1   133 |    0.0002    0.0750 |
  133.000     1   134 |    0.0002    0.0752 |
  134.000     1   135 |    0.0002    0.0754 |
  135.000     1   136 |    0.0002    0.0755 |
  136.000     1   137 |    0.0002    0.0757 |
  137.000     1   138 |    0.0002    0.0759 |
  138.000     1   139 |    0.0002    0.0760 |
  139.000     1   140 |    0.0002    0.0762 |
  140.000     1   141 |    0.0010    0.0772 |
  141.000     1   142 |    0.0002    0.0774 |
  142.000     1   143 |    0.0002    0.0775 |
  143.000     1   144 |    0.0009    0.0785 |
  144.000     1   145 |    0.0010    0.0794 |
  145.000     1   146 |    0.0010    0.0804 |
  146.000     1   147 |    0.0009    0.0813 |
  147.000     1   148 |    0.0002    0.0815 |
  148.000     1   149 |    0.0010    0.0824 |
  149.000     1   150 |    0.0009    0.0834 |
  150.000     1   151 |    0.0002    0.0836 |
  151.000     1   152 |    0.0002    0.0837 |
  152.000     1   153 |    0.0010    0.0847 |
  153.000     1   154 |    0.0010    0.0857 |
  154.000     1   155 |    0.0009    0.0866 |
  155.000     1   156 |    0.0014    0.0880 |
  156.000     1   157 |    0.0002    0.0881 |
  157.000     1   158 |    0.0004    0.0885 |
  158.000     1   159 |    0.0002    0.0887 |
  159.000     1   160 |    0.0002    0.0889 |
  160.000     1   161 |    0.0002    0.0890 |
  161.000     1   162 |    0.0002    0.0892 |
  162.000     1   163 |    0.0012    0.0904 |
  163.000     1   164 |    0.0013    0.0917 |
  164.000     1   165 |    0.0009    0.0926 |
  165.000     1   166 |    0.0016    0.0942 |
  166.000     1   167 |    0.0012    0.0954 |
  167.000     1   168 |    0.0009    0.0963 |
  168.000     1   169 |    0.0013    0.0977 |
  169.000     1   170 |    0.0015    0.0991 |
  170.000     1   171 |    0.0012    0.1003 |
  171.000     1   172 |    0.0013    0.1016 |
  172.000     1   173 |    0.0012    0.1029 |
  173.000     1   174 |    0.0009    0.1038 |
  174.000     1   175 |    0.0004    0.1042 |
  175.000     1   176 |    0.0014    0.1055 |
  176.000     1   177 |    0.0002    0.1057 |
  177.000     1   178 |    0.0002    0.1059 |
  178.000     1   179 |    0.0010    0.1068 |
  179.000     1   180 |    0.0002    0.1070 |
  180.000     1   181 |    0.0009    0.1079 |
  181.000     1   182 |    0.0002    0.1081 |
  182.000     1   183 |    0.0002    0.1083 |
  183.000     1   184 |    0.0016    0.1099 |
  184.000     1   185 |    0.0011    0.1110 |
  185.000     1   186 |    0.0009    0.1120 |
  186.000     1   187 |    0.0002    0.1121 |
  187.000     1   188 |    0.0010    0.1131 |
  188.000     1   189 |    0.0009    0.1141 |
  189.000     1   190 |    0.0009    0.1150 |
  190.000     1   191 |    0.0002    0.1152 |
  191.000     1   192 |    0.0002    0.1154 |
  192.000     1   193 |    0.0012    0.1166 |
  193.000     1   194 |    0.0002    0.1167 |
  194.000     1   195 |    0.0009    0.1177 |
  195.000     1   196 |    0.0012    0.1189 |
  196.000     1   197 |    0.0009    0.1198 |
  197.000     1   198 |    0.0002    0.1200 |
  198.000     1   199 |    0.0010    0.1210 |
  199.000     1   200 |    0.0011    0.1221 |
  200.000     1   201 |    0.0013    0.1234 |
  201.000     1   202 |    0.0009    0.1243 |
  202.000     1   203 |    0.0004    0.1247 |
  203.000     1   204 |    0.0010    0.1257 |
  204.000     1   205 |    0.0002    0.1259 |
  205.000     1   206 |    0.0002    0.1260 |
  206.000     1   207 |    0.0002    0.1262 |
  207.000     1   208 |    0.0002    0.1263 |
  208.000     1   209 |    0.0002    0.1265 |
  209.000     1   210 |    0.0002    0.1267 |
  210.000     1   211 |    0.0002    0.1269 |
  211.000     1   212 |    0.0012    0.1281 |
  212.000     1   213 |    0.0002    0.1283 |
  213.000     1   214 |    0.0002    0.1284 |
  214.000     1   215 |    0.0005    0.1289 |
  215.000     1   216 |    0.0002    0.1291 |
  216.000     1   217 |    0.0002    0.1292 |
  217.000     1   218 |    0.0002    0.1294 |
  218.000     1   219 |    0.0002    0.1296 |
  219.000     1   220 |    0.0002    0.1297 |
  220.000     1   221 |    0.0002    0.1299 |
  221.000     1   222 |    0.0010    0.1309 |
  222.000     1   223 |    0.0002    0.1311 |
  223.000     1   224 |    0.0002    0.1312 |
  224.000     1   225 |    0.0014    0.1326 |
  225.000     1   226 |    0.0011    0.1337 |
  226.000     1   227 |    0.0010    0.1347 |
  227.000     1   228 |    0.0009    0.1356 |
  228.000     1   229 |    0.0002    0.1358 |
  229.000     1   230 |    0.0002    0.1360 |
  230.000     1   231 |    0.0002    0.1362 |
  231.000     1   232 |    0.0005    0.1367 |
  232.000     1   233 |    0.0007    0.1374 |
  233.000     1   234 |    0.0014    0.1388 |
  234.000     1   235 |    0.0007    0.1396 |
  235.000     1   236 |    0.0010    0.1406 |
  236.000     1   237 |    0.0009    0.1415 |
  237.000     1   238 |    0.0009    0.1424 |
  238.000     1   239 |    0.0006    0.1430 |
  239.000     1   240 |    0.0010    0.1440 |
  240.000     1   241 |    0.0007    0.1448 |
  241.000     1   242 |    0.0006    0.1454 |
  242.000     1   243 |    0.0013    0.1467 |
  243.000     1   244 |    0.0006    0.1473 |
  244.000     1   245 |    0.0007    0.1480 |
  245.000     1   246 |    0.0004    0.1485 |
  246.000     1   247 |    0.0004    0.1488 |
  247.000     1   248 |    0.0006    0.1494 |
  248.000     1   249 |    0.0005    0.1499 |
  249.000     1   250 |    0.0005    0.1505 |
  250.000     1   251 |    0.0004    0.1508 |
  251.000     1   252 |    0.0004    0.1512 |
  252.000     1   253 |    0.0005    0.1516 |
  253.000     1   254 |    0.0004    0.1520 |
  254.000     1   255 |    0.0007    0.1528 |
  255.000     1   256 |    0.0006    0.1534 |
  256.000     1   257 |    0.0004    0.1538 |
  257.000     1   258 |    0.0002    0.1540 |
  258.000     1   259 |    0.0003    0.1543 |
  259.000     1   260 |    0.0004    0.1547 |
  260.000     1   261 |    0.0004    0.1551 |
  261.000     1   262 |    0.0008    0.1559 |
  262.000     1   263 |    0.0010    0.1569 |
  263.000     1   264 |    0.0006    0.1575 |
  264.000     1   265 |    0.0006    0.1581 |
  265.000     1   266 |    0.0007    0.1587 |
  266.000     1   267 |    0.0008    0.1595 |
  267.000     1   268 |    0.0008    0.1603 |
  268.000     1   269 |    0.0007    0.1610 |
  269.000     1   270 |    0.0004    0.1614 |
  270.000     1   271 |    0.0005    0.1619 |
  271.000     1   272 |    0.0004    0.1623 |
  272.000     1   273 |    0.0004    0.1627 |
  273.000     1   274 |    0.0007    0.1635 |
  274.000     1   275 |    0.0007    0.1642 |
  275.000     1   276 |    0.0005    0.1647 |
  276.000     1   277 |    0.0006    0.1653 |
  277.000     1   278 |    0.0006    0.1659 |
  278.000     1   279 |    0.0002    0.1661 |
  279.000     1   280 |    0.0004    0.1664 |
  280.000     1   281 |    0.0002    0.1666 |
  281.000     1   282 |    0.0004    0.1670 |
  282.000     1   283 |    0.0005    0.1676 |
  283.000     1   284 |    0.0002    0.1678 |
  284.000     1   285 |    0.0004    0.1682 |
  285.000     1   286 |    0.0002    0.1684 |
  286.000     1   287 |    0.0002    0.1686 |
  287.000     1   288 |    0.0004    0.1690 |
  288.000     1   289 |    0.0002    0.1692 |
  289.000     1   290 |    0.0005    0.1697 |
  290.000     1   291 |    0.0005    0.1702 |
  291.000     1   292 |    0.0003    0.1706 |
  292.000     1   293 |    0.0002    0.1708 |
  293.000     1   294 |    0.0002    0.1709 |
  294.000     1   295 |    0.0003    0.1713 |
  295.000     1   296 |    0.0004    0.1717 |
  296.000     1   297 |    0.0004    0.1721 |
  297.000     1   298 |    0.0002    0.1723 |
  298.000     1   299 |    0.0004    0.1727 |
  299.000     1   300 |    0.0012    0.1739 |
  300.000     1   301 |    0.0002    0.1741 |
  301.000     1   302 |    0.0010    0.1751 |
  302.000     1   303 |    0.0009    0.1760 |
  303.000     1   304 |    0.0002    0.1762 |
  304.000     1   305 |    0.0004    0.1766 |
  305.000     1   306 |    0.0010    0.1776 |
  306.000     1   307 |    0.0002    0.1777 |
  307.000     1   308 |    0.0002    0.1779 |
  308.000     1   309 |    0.0010    0.1789 |
  309.000     1   310 |    0.0010    0.1799 |
  310.000     1   311 |    0.0009    0.1808 |
  311.000     1   312 |    0.0002    0.1810 |
  312.000     1   313 |    0.0010    0.1820 |
  313.000     1   314 |    0.0010    0.1829 |
  314.000     1   315 |    0.0012    0.1842 |
  315.000     1   316 |    0.0011    0.1852 |
  316.000     1   317 |    0.0002    0.1854 |
  317.000     1   318 |    0.0010    0.1864 |
  318.000     1   319 |    0.0010    0.1873 |
  319.000     1   320 |    0.0005    0.1878 |
  320.000     1   321 |    0.0002    0.1879 |
  321.000     1   322 |    0.0009    0.1889 |
  322.000     1   323 |    0.0002    0.1890 |
  323.000     1   324 |    0.0003    0.1893 |
  324.000     1   325 |    0.0007    0.1900 |
  325.000     1   326 |    0.0005    0.1905 |
  326.000     1   327 |    0.0008    0.1913 |
  327.000     1   328 |    0.0002    0.1914 |
  328.000     1   329 |    0.0004    0.1918 |
  329.000     1   330 |    0.0010    0.1928 |
  330.000     1   331 |    0.0004    0.1931 |
  331.000     1   332 |    0.0002    0.1933 |
  332.000     1   333 |    0.0002    0.1935 |
  333.000     1   334 |    0.0012    0.1948 |
  334.000     1   335 |    0.0007    0.1954 |
  335.000     1   336 |    0.0001    0.1956 |
  336.000     1   337 |    0.0013    0.1969 |
  337.000     1   338 |    0.0002    0.1971 |
  338.000     1   339 |    0.0010    0.1981 |
  339.000     1   340 |    0.0010    0.1991 |
  340.000     1   341 |    0.0002    0.1992 |
  341.000     1   342 |    0.0010    0.2002 |
  342.000     1   343 |    0.0002    0.2004 |
  343.000     1   344 |    0.0002    0.2005 |
  344.000     1   345 |    0.0002    0.2007 |
  345.000     1   346 |    0.0011    0.2017 |
  346.000     1   347 |    0.0002    0.2019 |
  347.000     1   348 |    0.0002    0.2021 |
  348.000     1   349 |    0.0012    0.2033 |
  349.000     1   350 |    0.0002    0.2035 |
  350.000     1   351 |    0.0002    0.2037 |
  351.000     1   352 |    0.0010    0.2047 |
  352.000     1   353 |    0.0002    0.2049 |
  353.000     1   354 |    0.0002    0.2050 |
  354.000     1   355 |    0.0010    0.2060 |
  355.000     1   356 |    0.0013    0.2073 |
  356.000     1   357 |    0.0002    0.2074 |
  357.000     1   358 |    0.0011    0.2086 |
  358.000     1   359 |    0.0009    0.2095 |
  359.000     1   360 |    0.0002    0.2097 |
  360.000     1   361 |    0.0002    0.2098 |
  361.000     1   362 |    0.0002    0.2100 |
  362.000     1   363 |    0.0001    0.2102 |
  363.000     1   364 |    0.0002    0.2103 |
  364.000     1   365 |    0.0002    0.2105 |
  365.000     1   366 |    0.0002    0.2107 |
  366.000     1   367 |    0.0002    0.2109 |
  367.000     1   368 |    0.0002    0.2110 |
  368.000     1   369 |    0.0010    0.2120 |
  369.000     1   370 |    0.0002    0.2122 |
  370.000     1   371 |    0.0010    0.2132 |
  371.000     1   372 |    0.0009    0.2141 |
  372.000     1   373 |    0.0002    0.2142 |
  373.000     1   374 |    0.0004    0.2146 |
  374.000     1   375 |    0.0002    0.2148 |
  375.000     1   376 |    0.0002    0.2150 |
  376.000     1   377 |    0.0002    0.2151 |
  377.000     1   378 |    0.0002    0.2153 |
  378.000     1   379 |    0.0002    0.2155 |
  379.000     1   380 |    0.0009    0.2164 |
  380.000     1   381 |    0.0002    0.2166 |
  381.000     1   382 |    0.0009    0.2175 |
  382.000     1   383 |    0.0010    0.2185 |
  383.000     1   384 |    0.0004    0.2190 |
  384.000     1   385 |    0.0010    0.2199 |
  385.000     1   386 |    0.0002    0.2201 |
  386.000     1   387 |    0.0012    0.2212 |
  387.000     1   388 |    0.0002    0.2214 |
  388.000     1   389 |    0.0012    0.2226 |
  389.000     1   390 |    0.0009    0.2235 |
  390.000     1   391 |    0.0002    0.2237 |
  391.000     1   392 |    0.0002    0.2238 |
  392.000     1   393 |    0.0002    0.2240 |
  393.000     1   394 |    0.0009    0.2249 |
  394.000     1   395 |    0.0009    0.2259 |
  395.000     1   396 |    0.0012    0.2271 |
  396.000     1   397 |    0.0002    0.2273 |
  397.000     1   398 |    0.0002    0.2274 |
  398.000     1   399 |    0.0009    0.2284 |
  399.000     1   400 |    0.0014    0.2297 |
  400.000     1   401 |    0.0009    0.2307 |
  401.000     1   402 |    0.0008    0.2314 |
  402.000     1   403 |    0.0009    0.2324 |
  403.000     1   404 |    0.0017    0.2340 |
  404.000     1   405 |    0.0004    0.2344 |
  405.000     1   406 |    0.0004    0.2348 |
  406.000     1   407 |    0.0004    0.2352 |
  407.000     1   408 |    0.0010    0.2362 |
  408.000     1   409 |    0.0010    0.2372 |
  409.000     1   410 |    0.0009    0.2382 |
  410.000     1   411 |    0.0011    0.2392 |
  411.000     1   412 |    0.0009    0.2402 |
  412.000     1   413 |    0.0012    0.2414 |
  413.000     1   414 |    0.0007    0.2421 |
  414.000     1   415 |    0.0013    0.2434 |
  415.000     1   416 |    0.0008    0.2442 |
  416.000     1   417 |    0.0015    0.2457 |
  417.000     1   418 |    0.0014    0.2471 |
  418.000     1   419 |    0.0019    0.2490 |
  419.000     1   420 |    0.0008    0.2497 |
  420.000     1   421 |    0.0008    0.2506 |
  421.000     1   422 |    0.0006    0.2512 |
  422.000     1   423 |    0.0006    0.2518 |
  423.000     1   424 |    0.0016    0.2534 |
  424.000     1   425 |    0.0012    0.2545 |
  425.000     1   426 |    0.0014    0.2559 |
  426.000     1   427 |    0.0014    0.2573 |
  427.000     1   428 |    0.0006    0.2580 |
  428.000     1   429 |    0.0012    0.2591 |
  429.000     1   430 |    0.0013    0.2604 |
  430.000     1   431 |    0.0006    0.2610 |
  431.000     1   432 |    0.0002    0.2611 |
  432.000     1   433 |    0.0010    0.2622 |
  433.000     1   434 |    0.0012    0.2633 |
  434.000     1   435 |    0.0007    0.2641 |
  435.000     1   436 |    0.0012    0.2653 |
  436.000     1   437 |    0.0009    0.2662 |
  437.000     1   438 |    0.0006    0.2668 |
  438.000     1   439 |    0.0009    0.2677 |
  439.000     1   440 |    0.0012    0.2689 |
  440.000     1   441 |    0.0011    0.2700 |
  441.000     1   442 |    0.0009    0.2710 |
  442.000     1   443 |    0.0012    0.2722 |
  443.000     1   444 |    0.0002    0.2723 |
  444.000     1   445 |    0.0009    0.2733 |
  445.000     1   446 |    0.0009    0.2742 |
  446.000     1   447 |    0.0010    0.2752 |
  447.000     1   448 |    0.0012    0.2764 |
  448.000     1   449 |    0.0012    0.2776 |
  449.000     1   450 |    0.0012    0.2788 |
  450.000     1   451 |    0.0014    0.2802 |
  451.000     1   452 |    0.0006    0.2808 |
  452.000     1   453 |    0.0004    0.2812 |
  453.000     1   454 |    0.0008    0.2820 |
  454.000     1   455 |    0.0008    0.2828 |
  455.000     1   456 |    0.0014    0.2842 |
  456.000     1   457 |    0.0014    0.2856 |
  457.000     1   458 |    0.0014    0.2871 |
  458.000     1   459 |    0.0012    0.2883 |
  459.000     1   460 |    0.0017    0.2900 |
  460.000     1   461 |    0.0014    0.2914 |
  461.000     1   462 |    0.0012    0.2925 |
  462.000     1   463 |    0.0013    0.2939 |
  463.000     1   464 |    0.0014    0.2953 |
  464.000     1   465 |    0.0013    0.2966 |
  465.000     1   466 |    0.0010    0.2976 |
  466.000     1   467 |    0.0011    0.2988 |
  467.000     1   468 |    0.0012    0.2999 |
  468.000     1   469 |    0.0011    0.3010 |
  469.000     1   470 |    0.0014    0.3024 |
  470.000     1   471 |    0.0012    0.3036 |
  471.000     1   472 |    0.0002    0.3038 |
  472.000     1   473 |    0.0012    0.3049 |
  473.000     1   474 |    0.0012    0.3062 |
  474.000     1   475 |    0.0010    0.3071 |
  475.000     1   476 |    0.0011    0.3083 |
  476.000     1   477 |    0.0002    0.3084 |
  477.000     1   478 |    0.0002    0.3086 |
  478.000     1   479 |    0.0002    0.3088 |
  479.000     1   480 |    0.0010    0.3097 |
  480.000     1   481 |    0.0004    0.3101 |
  481.000     1   482 |    0.0002    0.3103 |
  482.000     1   483 |    0.0002    0.3104 |
  483.000     1   484 |    0.0003    0.3108 |
  484.000     1   485 |    0.0002    0.3109 |
  485.000     1   486 |    0.0008    0.3117 |
  486.000     1   487 |    0.0003    0.3120 |
  487.000     1   488 |    0.0002    0.3122 |
  488.000     1   489 |    0.0007    0.3130 |
  489.000     1   490 |    0.0007    0.3136 |
  490.000     1   491 |    0.0004    0.3140 |
  491.000     1   492 |    0.0008    0.3148 |
  492.000     1   493 |    0.0004    0.3152 |
  493.000     1   494 |    0.0004    0.3156 |
  494.000     1   495 |    0.0006    0.3162 |
  495.000     1   496 |    0.0002    0.3164 |
  496.000     1   497 |    0.0006    0.3169 |
  497.000     1   498 |    0.0002    0.3172 |
  498.000     1   499 |    0.0005    0.3176 |
  499.000     1   500 |    0.0008    0.3184 |
  500.000     1   501 |    0.0012    0.3196 |
  501.000     1   502 |    0.0004    0.3200 |
  502.000     1   503 |    0.0004    0.3204 |
  503.000     1   504 |    0.0007    0.3211 |
  504.000     1   505 |    0.0004    0.3215 |
  505.000     1   506 |    0.0004    0.3219 |
  506.000     1   507 |    0.0002    0.3221 |
  507.000     1   508 |    0.0006    0.3227 |
  508.000     1   509 |    0.0004    0.3231 |
  509.000     1   510 |    0.0002    0.3233 |
  510.000     1   511 |    0.0002    0.3235 |
  511.000     1   512 |    0.0002    0.3237 |
  512.000     1   513 |    0.0002    0.3239 |
  513.000     1   514 |    0.0002    0.3240 |
  514.000     1   515 |    0.0004    0.3245 |
  515.000     1   516 |    0.0002    0.3246 |
  516.000     1   517 |    0.0002    0.3248 |
  517.000     1   518 |    0.0010    0.3258 |
  518.000     1   519 |    0.0002    0.3259 |
  519.000     1   520 |    0.0002    0.3261 |
  520.000     1   521 |    0.0002    0.3264 |
  521.000     1   522 |    0.0004    0.3268 |
  522.000     1   523 |    0.0002    0.3270 |
  523.000     1   524 |    0.0002    0.3272 |
  524.000     1   525 |    0.0004    0.3276 |
  525.000     1   526 |    0.0002    0.3279 |
  526.000     1   527 |    0.0006    0.3284 |
  527.000     1   528 |    0.0006    0.3290 |
  528.000     1   529 |    0.0010    0.3300 |
  529.000     1   530 |    0.0006    0.3306 |
  530.000     1   531 |    0.0002    0.3307 |
  531.000     1   532 |    0.0002    0.3309 |
  532.000     1   533 |    0.0002    0.3311 |
  533.000     1   534 |    0.0002    0.3313 |
  534.000     1   535 |    0.0002    0.3314 |
  535.000     1   536 |    0.0002    0.3316 |
  536.000     1   537 |    0.0002    0.3318 |
  537.000     1   538 |    0.0002    0.3319 |
  538.000     1   539 |    0.0005    0.3324 |
  539.000     1   540 |    0.0002    0.3326 |
  540.000     1   541 |    0.0002    0.3328 |
  541.000     1   542 |    0.0002    0.3329 |
  542.000     1   543 |    0.0009    0.3339 |
  543.000     1   544 |    0.0011    0.3350 |
  544.000     1   545 |    0.0006    0.3356 |
  545.000     1   546 |    0.0009    0.3365 |
  546.000     1   547 |    0.0006    0.3372 |
  547.000     1   548 |    0.0002    0.3373 |
  548.000     1   549 |    0.0010    0.3383 |
  549.000     1   550 |    0.0010    0.3392 |
  550.000     1   551 |    0.0002    0.3394 |
  551.000     1   552 |    0.0002    0.3396 |
  552.000     1   553 |    0.0002    0.3398 |
  553.000     1   554 |    0.0002    0.3400 |
  554.000     1   555 |    0.0002    0.3401 |
  555.000     1   556 |    0.0002    0.3403 |
  556.000     1   557 |    0.0002    0.3404 |
  557.000     1   558 |    0.0002    0.3406 |
  558.000     1   559 |    0.0011    0.3417 |
  559.000     1   560 |    0.0002    0.3419 |
  560.000     1   561 |    0.0002    0.3421 |
  561.000     1   562 |    0.0002    0.3422 |
  562.000     1   563 |    0.0010    0.3432 |
  563.000     1   564 |    0.0012    0.3444 |
  564.000     1   565 |    0.0006    0.3450 |
  565.000     1   566 |    0.0009    0.3459 |
  566.000     1   567 |    0.0009    0.3468 |
  567.000     1   568 |    0.0002    0.3469 |
  568.000     1   569 |    0.0002    0.3471 |
  569.000     1   570 |    0.0002    0.3473 |
  570.000     1   571 |    0.0009    0.3482 |
  571.000     1   572 |    0.0013    0.3495 |
  572.000     1   573 |    0.0007    0.3502 |
  573.000     1   574 |    0.0002    0.3504 |
  574.000     1   575 |    0.0009    0.3513 |
  575.000     1   576 |    0.0012    0.3525 |
  576.000     1   577 |    0.0010    0.3535 |
  577.000     1   578 |    0.0002    0.3537 |
  578.000     1   579 |    0.0011    0.3548 |
  579.000     1   580 |    0.0011    0.3560 |
  580.000     1   581 |    0.0002    0.3561 |
  581.000     1   582 |    0.0002    0.3563 |
  582.000     1   583 |    0.0002    0.3564 |
  583.000     1   584 |    0.0009    0.3574 |
  584.000     1   585 |    0.0001    0.3575 |
  585.000     1   586 |    0.0002    0.3577 |
  586.000     1   587 |    0.0011    0.3588 |
  587.000     1   588 |    0.0009    0.3598 |
  588.000     1   589 |    0.0002    0.3599 |
  589.000     1   590 |    0.0009    0.3608 |
  590.000     1   591 |    0.0012    0.3620 |
  591.000     1   592 |    0.0011    0.3632 |
  592.000     1   593 |    0.0012    0.3644 |
  593.000     1   594 |    0.0012    0.3656 |
  594.000     1   595 |    0.0011    0.3667 |
  595.000     1   596 |    0.0011    0.3678 |
  596.000     1   597 |    0.0002    0.3679 |
  597.000     1   598 |    0.0004    0.3684 |
  598.000     1   599 |    0.0012    0.3696 |
  599.000     1   600 |    0.0002    0.3697 |
  600.000     1   601 |    0.0014    0.3711 |
  601.000     1   602 |    0.0009    0.3720 |
  602.000     1   603 |    0.0002    0.3722 |
  603.000     1   604 |    0.0011    0.3733 |
  604.000     1   605 |    0.0009    0.3742 |
  605.000     1   606 |    0.0014    0.3756 |
  606.000     1   607 |    0.0014    0.3770 |
  607.000     1   608 |    0.0012    0.3782 |
  608.000     1   609 |    0.0002    0.3783 |
  609.000     1   610 |    0.0002    0.3785 |
  610.000     1   611 |    0.0002    0.3787 |
  611.000     1   612 |    0.0010    0.3796 |
  612.000     1   613 |    0.0009    0.3806 |
  613.000     1   614 |    0.0002    0.3807 |
  614.000     1   615 |    0.0002    0.3809 |
  615.000     1   616 |    0.0002    0.3811 |
  616.000     1   617 |    0.0010    0.3820 |
  617.000     1   618 |    0.0004    0.3825 |
  618.000     1   619 |    0.0002    0.3826 |
  619.000     1   620 |    0.0002    0.3828 |
  620.000     1   621 |    0.0002    0.3829 |
  621.000     1   622 |    0.0005    0.3835 |
  622.000     1   623 |    0.0004    0.3839 |
  623.000     1   624 |    0.0009    0.3849 |
  624.000     1   625 |    0.0012    0.3860 |
  625.000     1   626 |    0.0001    0.3862 |
  626.000     1   627 |    0.0002    0.3864 |
  627.000     1   628 |    0.0002    0.3865 |
  628.000     1   629 |    0.0009    0.3875 |
  629.000     1   630 |    0.0002    0.3876 |
  630.000     1   631 |    0.0012    0.3888 |
  631.000     1   632 |    0.0004    0.3892 |
  632.000     1   633 |    0.0009    0.3901 |
  633.000     1   634 |    0.0002    0.3903 |
  634.000     1   635 |    0.0004    0.3907 |
  635.000     1   636 |    0.0002    0.3908 |
  636.000     1   637 |    0.0002    0.3910 |
  637.000     1   638 |    0.0002    0.3912 |
  638.000     1   639 |    0.0002    0.3913 |
  639.000     1   640 |    0.0002    0.3915 |
  640.000     1   641 |    0.0002    0.3917 |
  641.000     1   642 |    0.0002    0.3919 |
  642.000     1   643 |    0.0002    0.3920 |
  643.000     1   644 |    0.0002    0.3922 |
  644.000     1   645 |    0.0001    0.3924 |
  645.000     1   646 |    0.0009    0.3933 |
  646.000     1   647 |    0.0004    0.3936 |
  647.000     1   648 |    0.0002    0.3938 |
  648.000     1   649 |    0.0002    0.3940 |
  649.000     1   650 |    0.0009    0.3949 |
  650.000     1   651 |    0.0002    0.3951 |
  651.000     1   652 |    0.0002    0.3953 |
  652.000     1   653 |    0.0002    0.3955 |
  653.000     1   654 |    0.0002    0.3956 |
  654.000     1   655 |    0.0002    0.3958 |
  655.000     1   656 |    0.0002    0.3960 |
  656.000     1   657 |    0.0010    0.3970 |
  657.000     1   658 |    0.0002    0.3971 |
  658.000     1   659 |    0.0023    0.3994 |
  659.000     1   660 |    0.0032    0.4026 |
  660.000     1   661 |    0.0033    0.4059 |
  661.000     1   662 |    0.0032    0.4091 |
  662.000     1   663 |    0.0019    0.4110 |
  663.000     1   664 |    0.0002    0.4112 |
  664.000     1   665 |    0.0019    0.4131 |
  665.000     1   666 |    0.0007    0.4138 |
  666.000     1   667 |    0.0001    0.4140 |
  667.000     1   668 |    0.0017    0.4156 |
  668.000     1   669 |    0.0017    0.4173 |
  669.000     1   670 |    0.0012    0.4185 |
  670.000     1   671 |    0.0013    0.4198 |
  671.000     1   672 |    0.0010    0.4208 |
  672.000     1   673 |    0.0016    0.4224 |
  673.000     1   674 |    0.0002    0.4226 |
  674.000     1   675 |    0.0009    0.4235 |
  675.000     1   676 |    0.0002    0.4237 |
  676.000     1   677 |    0.0014    0.4251 |
  677.000     1   678 |    0.0014    0.4264 |
  678.000     1   679 |    0.0011    0.4276 |
  679.000     1   680 |    0.0013    0.4289 |
  680.000     1   681 |    0.0014    0.4302 |
  681.000     1   682 |    0.0012    0.4314 |
  682.000     1   683 |    0.0014    0.4328 |
  683.000     1   684 |    0.0014    0.4342 |
  684.000     1   685 |    0.0006    0.4347 |
  685.000     1   686 |    0.0002    0.4349 |
  686.000     1   687 |    0.0012    0.4361 |
  687.000     1   688 |    0.0004    0.4365 |
  688.000     1   689 |    0.0013    0.4378 |
  689.000     1   690 |    0.0002    0.4380 |
  690.000     1   691 |    0.0009    0.4389 |
  691.000     1   692 |    0.0015    0.4404 |
  692.000     1   693 |    0.0011    0.4415 |
  693.000     1   694 |    0.0010    0.4425 |
  694.000     1   695 |    0.0009    0.4434 |
  695.000     1   696 |    0.0004    0.4438 |
  696.000     1   697 |    0.0013    0.4451 |
  697.000     1   698 |    0.0012    0.4463 |
  698.000     1   699 |    0.0015    0.4478 |
  699.000     1   700 |    0.0008    0.4486 |
  700.000     1   701 |    0.0012    0.4498 |
  701.000     1   702 |    0.0002    0.4500 |
  702.000     1   703 |    0.0012    0.4512 |
  703.000     1   704 |    0.0011    0.4524 |
  704.000     1   705 |    0.0014    0.4538 |
  705.000     1   706 |    0.0002    0.4539 |
  706.000     1   707 |    0.0002    0.4541 |
  707.000     1   708 |    0.0012    0.4553 |
  708.000     1   709 |    0.0009    0.4563 |
  709.000     1   710 |    0.0002    0.4564 |
  710.000     1   711 |    0.0012    0.4576 |
  711.000     1   712 |    0.0002    0.4578 |
  712.000     1   713 |    0.0011    0.4589 |
  713.000     1   714 |    0.0002    0.4591 |
  714.000     1   715 |    0.0012    0.4604 |
  715.000     1   716 |    0.0004    0.4607 |
  716.000     1   717 |    0.0002    0.4609 |
  717.000     1   718 |    0.0009    0.4619 |
  718.000     1   719 |    0.0002    0.4620 |
  719.000     1   720 |    0.0002    0.4622 |
  720.000     1   721 |    0.0009    0.4631 |
  721.000     1   722 |    0.0011    0.4642 |
  722.000     1   723 |    0.0010    0.4652 |
  723.000     1   724 |    0.0010    0.4662 |
  724.000     1   725 |    0.0009    0.4671 |
  725.000     1   726 |    0.0004    0.4675 |
  726.000     1   727 |    0.0010    0.4685 |
  727.000     1   728 |    0.0011    0.4696 |
  728.000     1   729 |    0.0012    0.4708 |
  729.000     1   730 |    0.0009    0.4717 |
  730.000     1   731 |    0.0013    0.4731 |
  731.000     1   732 |    0.0006    0.4737 |
  732.000     1   733 |    0.0010    0.4746 |
  733.000     1   734 |    0.0012    0.4758 |
  734.000     1   735 |    0.0013    0.4771 |
  735.000     1   736 |    0.0012    0.4783 |
  736.000     1   737 |    0.0009    0.4792 |
  737.000     1   738 |    0.0012    0.4804 |
  738.000     1   739 |    0.0002    0.4806 |
  739.000     1   740 |    0.0009    0.4815 |
  740.000     1   741 |    0.0012    0.4827 |
  741.000     1   742 |    0.0009    0.4836 |
  742.000     1   743 |    0.0010    0.4845 |
  743.000     1   744 |    0.0011    0.4857 |
  744.000     1   745 |    0.0002    0.4858 |
  745.000     1   746 |    0.0010    0.4868 |
  746.000     1   747 |    0.0002    0.4870 |
  747.000     1   748 |    0.0002    0.4872 |
  748.000     1   749 |    0.0002    0.4873 |
  749.000     1   750 |    0.0002    0.4875 |
  750.000     1   751 |    0.0012    0.4887 |
