          ----- ----- | --------- --------- |
            cls ttcls |      time  tot time |
    0.000     1     1 |    0.0003    0.0003 |
    1.000   100   101 |    0.0036    0.0038 |
    2.000   100   201 |    0.0036    0.0074 |
    3.000   100   301 |    0.0036    0.0110 |
    4.000   100   401 |    0.0036    0.0145 |
    5.000   100   501 |    0.0036    0.0181 |
    6.000   100   601 |    0.0035    0.0217 |
    7.000   100   701 |    0.0036    0.0252 |
    8.000   100   801 |    0.0036    0.0288 |
    9.000   100   901 |    0.0036    0.0324 |
   10.000   100  1001 |    0.0035    0.0360 |
   11.000   100  1101 |    0.0036    0.0396 |
   12.000   100  1201 |    0.0036    0.0431 |
   13.000   100  1301 |    0.0036    0.0467 |
   14.000   100  1401 |    0.0036    0.0503 |
   15.000   100  1501 |    0.0035    0.0539 |
   16.000   100  1601 |    0.0035    0.0574 |
   17.000   100  1701 |    0.0036    0.0610 |
   18.000   100  1801 |    0.0036    0.0646 |
   19.000   100  1901 |    0.0036    0.0682 |
   20.000   100  2001 |    0.0036    0.0718 |
   21.000   100  2101 |    0.0036    0.0754 |
   22.000   100  2201 |    0.0036    0.0790 |
   23.000   100  2301 |    0.0037    0.0826 |
   24.000   100  2401 |    0.0036    0.0862 |
   25.000   100  2501 |    0.0036    0.0898 |
   26.000   100  2601 |    0.0036    0.0935 |
   27.000   100  2701 |    0.0036    0.0971 |
   28.000   100  2801 |    0.0037    0.1008 |
   29.000   100  2901 |    0.0037    0.1044 |
   30.000   100  3001 |    0.0036    0.1081 |
   31.000   100  3101 |    0.0036    0.1117 |
   32.000   100  3201 |    0.0036    0.1153 |
   33.000   100  3301 |    0.0036    0.1189 |
   34.000   100  3401 |    0.0036    0.1225 |
   35.000   100  3501 |    0.0038    0.1263 |
   36.000   100  3601 |    0.0039    0.1302 |
   37.000   100  3701 |    0.0039    0.1341 |
   38.000   100  3801 |    0.0039    0.1380 |
   39.000   100  3901 |    0.0039    0.1418 |
   40.000   100  4001 |    0.0039    0.1458 |
   41.000   100  4101 |    0.0039    0.1496 |
   42.000   100  4201 |    0.0038    0.1535 |
   43.000   100  4301 |    0.0039    0.1574 |
   44.000   100  4401 |    0.0038    0.1611 |
   45.000   100  4501 |    0.0037    0.1648 |
   46.000   100  4601 |    0.0036    0.1684 |
   47.000   100  4701 |    0.0036    0.1721 |
   48.000   100  4801 |    0.0036    0.1757 |
   49.000   100  4901 |    0.0037    0.1794 |
   50.000   100  5001 |    0.0037    0.1830 |
   51.000   100  5101 |    0.0036    0.1866 |
   52.000   100  5201 |    0.0036    0.1903 |
   53.000   100  5301 |    0.0036    0.1939 |
   54.000   100  5401 |    0.0037    0.1976 |
   55.000   100  5501 |    0.0037    0.2012 |
   56.000   100  5601 |    0.0036    0.2049 |
   57.000   100  5701 |    0.0036    0.2085 |
   58.000   100  5801 |    0.0036    0.2121 |
   59.000   100  5901 |    0.0037    0.2158 |
   60.000   100  6001 |    0.0037    0.2195 |
   61.000   100  6101 |    0.0036    0.2232 |
   62.000   100  6201 |    0.0037    0.2269 |
   63.000   100  6301 |    0.0037    0.2305 |
   64.000   100  6401 |    0.0037    0.2342 |
   65.000   100  6501 |    0.0037    0.2378 |
   66.000   100  6601 |    0.0036    0.2415 |
   67.000   100  6701 |    0.0037    0.2451 |
   68.000   100  6801 |    0.0036    0.2487 |
   69.000   100  6901 |    0.0037    0.2524 |
   70.000   100  7001 |    0.0036    0.2560 |
   71.000   100  7101 |    0.0037    0.2597 |
   72.000   100  7201 |    0.0036    0.2633 |
   73.000   100  7301 |    0.0037    0.2670 |
   74.000   100  7401 |    0.0037    0.2707 |
   75.000   100  7501 |    0.0037    0.2744 |
   76.000   100  7601 |    0.0037    0.2781 |
   77.000   100  7701 |    0.0037    0.2818 |
   78.000   100  7801 |    0.0037    0.2855 |
   79.000   100  7901 |    0.0037    0.2891 |
   80.000   100  8001 |    0.0037    0.2928 |
   81.000   100  8101 |    0.0037    0.2965 |
   82.000   100  8201 |    0.0037    0.3001 |
   83.000   100  8301 |    0.0037    0.3038 |
   84.000   100  8401 |    0.0038    0.3076 |
   85.000   100  8501 |    0.0037    0.3113 |
   86.000   100  8601 |    0.0037    0.3150 |
   87.000   100  8701 |    0.0037    0.3186 |
   88.000   100  8801 |    0.0037    0.3223 |
   89.000   100  8901 |    0.0037    0.3260 |
   90.000   100  9001 |    0.0038    0.3297 |
   91.000   100  9101 |    0.0037    0.3334 |
   92.000   100  9201 |    0.0037    0.3371 |
   93.000   100  9301 |    0.0037    0.3408 |
   94.000   100  9401 |    0.0037    0.3445 |
   95.000   100  9501 |    0.0037    0.3482 |
   96.000   100  9601 |    0.0038    0.3519 |
   97.000   100  9701 |    0.0037    0.3557 |
   98.000   100  9801 |    0.0037    0.3594 |
   99.000   100  9901 |    0.0037    0.3631 |
  100.000   100 10001 |    0.0037    0.3668 |
  101.000   100 10101 |    0.0037    0.3705 |
  102.000   100 10201 |    0.0037    0.3741 |
  103.000   100 10301 |    0.0037    0.3778 |
  104.000   100 10401 |    0.0037    0.3815 |
  105.000   100 10501 |    0.0037    0.3852 |
  106.000   100 10601 |    0.0038    0.3890 |
  107.000   100 10701 |    0.0037    0.3927 |
  108.000   100 10801 |    0.0037    0.3964 |
  109.000   100 10901 |    0.0037    0.4001 |
  110.000   100 11001 |    0.0037    0.4038 |
  111.000   100 11101 |    0.0037    0.4075 |
  112.000   100 11201 |    0.0037    0.4113 |
  113.000   100 11301 |    0.0037    0.4150 |
  114.000   100 11401 |    0.0038    0.4188 |
  115.000   100 11501 |    0.0037    0.4225 |
  116.000   100 11601 |    0.0037    0.4262 |
  117.000   100 11701 |    0.0038    0.4300 |
  118.000   100 11801 |    0.0037    0.4337 |
  119.000   100 11901 |    0.0038    0.4375 |
  120.000   100 12001 |    0.0038    0.4412 |
  121.000   100 12101 |    0.0037    0.4450 |
  122.000   100 12201 |    0.0038    0.4488 |
  123.000   100 12301 |    0.0037    0.4525 |
  124.000   100 12401 |    0.0038    0.4562 |
  125.000   100 12501 |    0.0037    0.4600 |
  126.000   100 12601 |    0.0037    0.4637 |
  127.000   100 12701 |    0.0038    0.4675 |
  128.000   100 12801 |    0.0038    0.4713 |
  129.000   100 12901 |    0.0037    0.4750 |
  130.000   100 13001 |    0.0038    0.4788 |
  131.000   100 13101 |    0.0038    0.4825 |
  132.000   100 13201 |    0.0038    0.4863 |
  133.000   100 13301 |    0.0038    0.4901 |
  134.000   100 13401 |    0.0038    0.4939 |
  135.000   100 13501 |    0.0038    0.4976 |
  136.000   100 13601 |    0.0038    0.5014 |
  137.000   100 13701 |    0.0037    0.5051 |
  138.000   100 13801 |    0.0038    0.5089 |
  139.000   100 13901 |    0.0038    0.5127 |
  140.000   100 14001 |    0.0038    0.5165 |
  141.000   100 14101 |    0.0037    0.5202 |
  142.000   100 14201 |    0.0038    0.5240 |
  143.000   100 14301 |    0.0038    0.5278 |
  144.000   100 14401 |    0.0038    0.5316 |
  145.000   100 14501 |    0.0038    0.5354 |
  146.000   100 14601 |    0.0038    0.5392 |
  147.000   100 14701 |    0.0038    0.5430 |
  148.000   100 14801 |    0.0038    0.5467 |
  149.000   100 14901 |    0.0038    0.5505 |
  150.000   100 15001 |    0.0038    0.5543 |
  151.000   100 15101 |    0.0038    0.5581 |
  152.000   100 15201 |    0.0038    0.5619 |
  153.000   100 15301 |    0.0038    0.5656 |
  154.000   100 15401 |    0.0038    0.5694 |
  155.000   100 15501 |    0.0038    0.5732 |
  156.000   100 15601 |    0.0038    0.5769 |
  157.000   100 15701 |    0.0038    0.5807 |
  158.000   100 15801 |    0.0038    0.5845 |
  159.000   100 15901 |    0.0038    0.5883 |
  160.000   100 16001 |    0.0039    0.5922 |
  161.000   100 16101 |    0.0038    0.5960 |
  162.000   100 16201 |    0.0038    0.5999 |
  163.000   100 16301 |    0.0038    0.6036 |
  164.000   100 16401 |    0.0038    0.6075 |
  165.000   100 16501 |    0.0038    0.6113 |
  166.000   100 16601 |    0.0038    0.6151 |
  167.000   100 16701 |    0.0038    0.6189 |
  168.000   100 16801 |    0.0039    0.6228 |
  169.000   100 16901 |    0.0038    0.6266 |
  170.000   100 17001 |    0.0038    0.6304 |
  171.000   100 17101 |    0.0038    0.6342 |
  172.000   100 17201 |    0.0038    0.6380 |
  173.000   100 17301 |    0.0038    0.6419 |
  174.000   100 17401 |    0.0039    0.6457 |
  175.000   100 17501 |    0.0038    0.6496 |
  176.000   100 17601 |    0.0038    0.6534 |
  177.000   100 17701 |    0.0038    0.6572 |
  178.000   100 17801 |    0.0038    0.6610 |
  179.000   100 17901 |    0.0038    0.6648 |
  180.000   100 18001 |    0.0039    0.6687 |
  181.000   100 18101 |    0.0039    0.6726 |
  182.000   100 18201 |    0.0038    0.6764 |
  183.000   100 18301 |    0.0038    0.6802 |
  184.000   100 18401 |    0.0038    0.6840 |
  185.000   100 18501 |    0.0039    0.6879 |
  186.000   100 18601 |    0.0038    0.6917 |
  187.000   100 18701 |    0.0038    0.6955 |
  188.000   100 18801 |    0.0038    0.6993 |
  189.000   100 18901 |    0.0039    0.7032 |
  190.000   100 19001 |    0.0039    0.7071 |
  191.000   100 19101 |    0.0039    0.7110 |
  192.000   100 19201 |    0.0039    0.7149 |
  193.000   100 19301 |    0.0039    0.7187 |
  194.000   100 19401 |    0.0038    0.7226 |
  195.000   100 19501 |    0.0038    0.7264 |
  196.000   100 19601 |    0.0039    0.7303 |
  197.000   100 19701 |    0.0039    0.7342 |
  198.000   100 19801 |    0.0039    0.7380 |
  199.000   100 19901 |    0.0039    0.7419 |
  200.000   100 20001 |    0.0039    0.7458 |
  201.000   100 20101 |    0.0039    0.7497 |
  202.000   100 20201 |    0.0039    0.7536 |
  203.000   100 20301 |    0.0039    0.7575 |
  204.000   100 20401 |    0.0039    0.7614 |
  205.000   100 20501 |    0.0039    0.7652 |
  206.000   100 20601 |    0.0039    0.7691 |
  207.000   100 20701 |    0.0039    0.7730 |
  208.000   100 20801 |    0.0039    0.7769 |
  209.000   100 20901 |    0.0039    0.7807 |
  210.000   100 21001 |    0.0038    0.7846 |
  211.000   100 21101 |    0.0039    0.7885 |
  212.000   100 21201 |    0.0039    0.7923 |
  213.000   100 21301 |    0.0039    0.7962 |
  214.000   100 21401 |    0.0039    0.8001 |
  215.000   100 21501 |    0.0039    0.8040 |
  216.000   100 21601 |    0.0039    0.8079 |
  217.000   100 21701 |    0.0039    0.8118 |
  218.000   100 21801 |    0.0038    0.8157 |
  219.000   100 21901 |    0.0038    0.8195 |
  220.000   100 22001 |    0.0039    0.8234 |
  221.000   100 22101 |    0.0039    0.8273 |
  222.000   100 22201 |    0.0039    0.8312 |
  223.000   100 22301 |    0.0039    0.8351 |
  224.000   100 22401 |    0.0038    0.8389 |
  225.000   100 22501 |    0.0039    0.8428 |
  226.000   100 22601 |    0.0039    0.8466 |
  227.000   100 22701 |    0.0038    0.8505 |
  228.000   100 22801 |    0.0038    0.8543 |
  229.000   100 22901 |    0.0039    0.8582 |
  230.000   100 23001 |    0.0039    0.8621 |
  231.000   100 23101 |    0.0040    0.8661 |
  232.000   100 23201 |    0.0039    0.8700 |
  233.000   100 23301 |    0.0040    0.8739 |
  234.000   100 23401 |    0.0040    0.8780 |
  235.000   100 23501 |    0.0040    0.8819 |
  236.000   100 23601 |    0.0041    0.8861 |
  237.000   100 23701 |    0.0040    0.8901 |
  238.000   100 23801 |    0.0041    0.8942 |
  239.000   100 23901 |    0.0042    0.8983 |
  240.000   100 24001 |    0.0040    0.9024 |
  241.000   100 24101 |    0.0040    0.9063 |
  242.000   100 24201 |    0.0039    0.9103 |
  243.000   100 24301 |    0.0040    0.9143 |
  244.000   100 24401 |    0.0039    0.9182 |
  245.000   100 24501 |    0.0039    0.9221 |
  246.000   100 24601 |    0.0039    0.9260 |
  247.000   100 24701 |    0.0039    0.9299 |
  248.000   100 24801 |    0.0039    0.9338 |
  249.000   100 24901 |    0.0039    0.9377 |
  250.000   100 25001 |    0.0039    0.9416 |
  251.000   100 25101 |    0.0039    0.9455 |
  252.000   100 25201 |    0.0039    0.9494 |
  253.000   100 25301 |    0.0039    0.9533 |
  254.000   100 25401 |    0.0039    0.9572 |
  255.000   100 25501 |    0.0039    0.9611 |
  256.000   100 25601 |    0.0039    0.9650 |
  257.000   100 25701 |    0.0039    0.9689 |
  258.000   100 25801 |    0.0039    0.9728 |
  259.000   100 25901 |    0.0039    0.9767 |
  260.000   100 26001 |    0.0039    0.9806 |
  261.000   100 26101 |    0.0039    0.9845 |
  262.000   100 26201 |    0.0039    0.9885 |
  263.000   100 26301 |    0.0039    0.9923 |
  264.000   100 26401 |    0.0039    0.9962 |
  265.000   100 26501 |    0.0039    1.0001 |
  266.000   100 26601 |    0.0039    1.0040 |
  267.000   100 26701 |    0.0039    1.0079 |
  268.000   100 26801 |    0.0039    1.0118 |
  269.000   100 26901 |    0.0039    1.0157 |
  270.000   100 27001 |    0.0039    1.0196 |
  271.000   100 27101 |    0.0039    1.0235 |
  272.000   100 27201 |    0.0039    1.0275 |
  273.000   100 27301 |    0.0039    1.0314 |
  274.000   100 27401 |    0.0039    1.0353 |
  275.000   100 27501 |    0.0039    1.0392 |
  276.000   100 27601 |    0.0039    1.0431 |
  277.000   100 27701 |    0.0039    1.0470 |
  278.000   100 27801 |    0.0040    1.0510 |
  279.000   100 27901 |    0.0041    1.0551 |
  280.000   100 28001 |    0.0041    1.0592 |
  281.000   100 28101 |    0.0041    1.0633 |
  282.000   100 28201 |    0.0041    1.0674 |
  283.000   100 28301 |    0.0041    1.0716 |
  284.000   100 28401 |    0.0040    1.0756 |
  285.000   100 28501 |    0.0041    1.0797 |
  286.000   100 28601 |    0.0040    1.0837 |
  287.000   100 28701 |    0.0039    1.0876 |
  288.000   100 28801 |    0.0039    1.0916 |
  289.000   100 28901 |    0.0039    1.0955 |
  290.000   100 29001 |    0.0039    1.0994 |
  291.000   100 29101 |    0.0039    1.1033 |
  292.000   100 29201 |    0.0039    1.1072 |
  293.000   100 29301 |    0.0039    1.1112 |
  294.000   100 29401 |    0.0039    1.1150 |
  295.000   100 29501 |    0.0039    1.1189 |
  296.000   100 29601 |    0.0039    1.1228 |
  297.000   100 29701 |    0.0039    1.1267 |
  298.000   100 29801 |    0.0039    1.1306 |
  299.000   100 29901 |    0.0039    1.1345 |
  300.000   100 30001 |    0.0039    1.1384 |
  301.000   100 30101 |    0.0039    1.1422 |
  302.000   100 30201 |    0.0039    1.1461 |
  303.000   100 30301 |    0.0039    1.1500 |
  304.000   100 30401 |    0.0039    1.1539 |
  305.000   100 30501 |    0.0039    1.1578 |
  306.000   100 30601 |    0.0039    1.1616 |
  307.000   100 30701 |    0.0039    1.1655 |
  308.000   100 30801 |    0.0039    1.1694 |
  309.000   100 30901 |    0.0039    1.1733 |
  310.000   100 31001 |    0.0039    1.1772 |
  311.000   100 31101 |    0.0039    1.1810 |
  312.000   100 31201 |    0.0039    1.1850 |
  313.000   100 31301 |    0.0039    1.1889 |
  314.000   100 31401 |    0.0039    1.1928 |
  315.000   100 31501 |    0.0039    1.1967 |
  316.000   100 31601 |    0.0039    1.2005 |
  317.000   100 31701 |    0.0039    1.2044 |
  318.000   100 31801 |    0.0039    1.2083 |
  319.000   100 31901 |    0.0039    1.2122 |
  320.000   100 32001 |    0.0039    1.2160 |
  321.000   100 32101 |    0.0039    1.2199 |
  322.000   100 32201 |    0.0039    1.2238 |
  323.000   100 32301 |    0.0039    1.2277 |
  324.000   100 32401 |    0.0039    1.2316 |
  325.000   100 32501 |    0.0039    1.2355 |
  326.000   100 32601 |    0.0039    1.2394 |
  327.000   100 32701 |    0.0039    1.2433 |
  328.000   100 32801 |    0.0039    1.2472 |
  329.000   100 32901 |    0.0039    1.2511 |
  330.000   100 33001 |    0.0040    1.2552 |
  331.000   100 33101 |    0.0040    1.2591 |
  332.000   100 33201 |    0.0039    1.2630 |
  333.000   100 33301 |    0.0039    1.2669 |
  334.000   100 33401 |    0.0039    1.2708 |
  335.000   100 33501 |    0.0039    1.2747 |
  336.000   100 33601 |    0.0039    1.2786 |
  337.000   100 33701 |    0.0039    1.2825 |
  338.000   100 33801 |    0.0039    1.2864 |
  339.000   100 33901 |    0.0039    1.2902 |
  340.000   100 34001 |    0.0039    1.2941 |
  341.000   100 34101 |    0.0039    1.2980 |
  342.000   100 34201 |    0.0039    1.3019 |
  343.000   100 34301 |    0.0039    1.3058 |
  344.000   100 34401 |    0.0039    1.3097 |
  345.000   100 34501 |    0.0039    1.3136 |
  346.000   100 34601 |    0.0039    1.3175 |
  347.000   100 34701 |    0.0039    1.3214 |
  348.000   100 34801 |    0.0039    1.3253 |
  349.000   100 34901 |    0.0039    1.3291 |
  350.000   100 35001 |    0.0039    1.3330 |
  351.000   100 35101 |    0.0039    1.3369 |
  352.000   100 35201 |    0.0039    1.3408 |
  353.000   100 35301 |    0.0039    1.3447 |
  354.000   100 35401 |    0.0039    1.3485 |
  355.000   100 35501 |    0.0039    1.3524 |
  356.000   100 35601 |    0.0038    1.3562 |
  357.000   100 35701 |    0.0039    1.3601 |
  358.000   100 35801 |    0.0039    1.3640 |
  359.000   100 35901 |    0.0039    1.3679 |
  360.000   100 36001 |    0.0039    1.3718 |
  361.000   100 36101 |    0.0039    1.3757 |
  362.000   100 36201 |    0.0039    1.3795 |
  363.000   100 36301 |    0.0039    1.3834 |
  364.000   100 36401 |    0.0039    1.3873 |
  365.000   100 36501 |    0.0039    1.3912 |
  366.000   100 36601 |    0.0039    1.3951 |
  367.000   100 36701 |    0.0039    1.3989 |
  368.000   100 36801 |    0.0039    1.4028 |
  369.000   100 36901 |    0.0039    1.4067 |
  370.000   100 37001 |    0.0039    1.4107 |
  371.000   100 37101 |    0.0039    1.4145 |
  372.000   100 37201 |    0.0038    1.4184 |
  373.000   100 37301 |    0.0039    1.4223 |
  374.000   100 37401 |    0.0039    1.4262 |
  375.000   100 37501 |    0.0039    1.4300 |
  376.000   100 37601 |    0.0039    1.4339 |
  377.000   100 37701 |    0.0039    1.4378 |
  378.000   100 37801 |    0.0039    1.4417 |
  379.000   100 37901 |    0.0039    1.4456 |
  380.000   100 38001 |    0.0039    1.4495 |
  381.000   100 38101 |    0.0039    1.4534 |
  382.000   100 38201 |    0.0039    1.4573 |
  383.000   100 38301 |    0.0039    1.4612 |
  384.000   100 38401 |    0.0039    1.4650 |
  385.000   100 38501 |    0.0039    1.4689 |
  386.000   100 38601 |    0.0039    1.4728 |
  387.000   100 38701 |    0.0039    1.4767 |
  388.000   100 38801 |    0.0039    1.4806 |
  389.000   100 38901 |    0.0039    1.4844 |
  390.000   100 39001 |    0.0039    1.4883 |
  391.000   100 39101 |    0.0039    1.4922 |
  392.000   100 39201 |    0.0039    1.4961 |
  393.000   100 39301 |    0.0039    1.4999 |
  394.000   100 39401 |    0.0039    1.5038 |
  395.000   100 39501 |    0.0039    1.5077 |
  396.000   100 39601 |    0.0039    1.5115 |
  397.000   100 39701 |    0.0039    1.5154 |
  398.000   100 39801 |    0.0039    1.5193 |
  399.000   100 39901 |    0.0039    1.5231 |
  400.000   100 40001 |    0.0039    1.5270 |
  401.000   100 40101 |    0.0039    1.5309 |
  402.000   100 40201 |    0.0040    1.5349 |
  403.000   100 40301 |    0.0039    1.5388 |
  404.000   100 40401 |    0.0039    1.5427 |
  405.000   100 40501 |    0.0039    1.5466 |
  406.000   100 40601 |    0.0039    1.5505 |
  407.000   100 40701 |    0.0039    1.5543 |
  408.000   100 40801 |    0.0039    1.5582 |
  409.000   100 40901 |    0.0039    1.5621 |
  410.000   100 41001 |    0.0039    1.5660 |
  411.000   100 41101 |    0.0039    1.5699 |
  412.000   100 41201 |    0.0039    1.5738 |
  413.000   100 41301 |    0.0039    1.5777 |
  414.000   100 41401 |    0.0039    1.5816 |
  415.000   100 41501 |    0.0039    1.5854 |
  416.000   100 41601 |    0.0039    1.5893 |
  417.000   100 41701 |    0.0039    1.5932 |
  418.000   100 41801 |    0.0039    1.5971 |
  419.000   100 41901 |    0.0039    1.6010 |
  420.000   100 42001 |    0.0039    1.6049 |
  421.000   100 42101 |    0.0039    1.6088 |
  422.000   100 42201 |    0.0039    1.6126 |
  423.000   100 42301 |    0.0039    1.6165 |
  424.000   100 42401 |    0.0039    1.6204 |
  425.000   100 42501 |    0.0039    1.6243 |
  426.000   100 42601 |    0.0039    1.6281 |
  427.000   100 42701 |    0.0039    1.6320 |
  428.000   100 42801 |    0.0039    1.6359 |
  429.000   100 42901 |    0.0039    1.6398 |
  430.000   100 43001 |    0.0039    1.6436 |
  431.000   100 43101 |    0.0039    1.6475 |
  432.000   100 43201 |    0.0039    1.6514 |
  433.000   100 43301 |    0.0039    1.6553 |
  434.000   100 43401 |    0.0039    1.6592 |
  435.000   100 43501 |    0.0039    1.6631 |
  436.000   100 43601 |    0.0039    1.6669 |
  437.000   100 43701 |    0.0039    1.6708 |
  438.000   100 43801 |    0.0039    1.6747 |
  439.000   100 43901 |    0.0039    1.6786 |
  440.000   100 44001 |    0.0039    1.6825 |
  441.000   100 44101 |    0.0039    1.6863 |
  442.000   100 44201 |    0.0039    1.6902 |
  443.000   100 44301 |    0.0039    1.6941 |
  444.000   100 44401 |    0.0039    1.6980 |
  445.000   100 44501 |    0.0039    1.7019 |
  446.000   100 44601 |    0.0039    1.7057 |
  447.000   100 44701 |    0.0039    1.7096 |
  448.000   100 44801 |    0.0039    1.7135 |
  449.000   100 44901 |    0.0039    1.7174 |
  450.000   100 45001 |    0.0039    1.7213 |
  451.000   100 45101 |    0.0039    1.7252 |
  452.000   100 45201 |    0.0039    1.7291 |
  453.000   100 45301 |    0.0040    1.7330 |
  454.000   100 45401 |    0.0039    1.7369 |
  455.000   100 45501 |    0.0039    1.7408 |
  456.000   100 45601 |    0.0039    1.7447 |
  457.000   100 45701 |    0.0039    1.7486 |
  458.000   100 45801 |    0.0039    1.7525 |
  459.000   100 45901 |    0.0039    1.7563 |
  460.000   100 46001 |    0.0039    1.7602 |
  461.000   100 46101 |    0.0039    1.7641 |
  462.000   100 46201 |    0.0039    1.7680 |
  463.000   100 46301 |    0.0039    1.7719 |
  464.000   100 46401 |    0.0039    1.7758 |
  465.000   100 46501 |    0.0039    1.7796 |
  466.000   100 46601 |    0.0039    1.7835 |
  467.000   100 46701 |    0.0039    1.7874 |
  468.000   100 46801 |    0.0039    1.7913 |
  469.000   100 46901 |    0.0039    1.7951 |
  470.000   100 47001 |    0.0039    1.7990 |
  471.000   100 47101 |    0.0039    1.8029 |
  472.000   100 47201 |    0.0039    1.8067 |
  473.000   100 47301 |    0.0039    1.8106 |
  474.000   100 47401 |    0.0039    1.8145 |
  475.000   100 47501 |    0.0039    1.8184 |
  476.000   100 47601 |    0.0039    1.8222 |
  477.000   100 47701 |    0.0039    1.8261 |
  478.000   100 47801 |    0.0039    1.8299 |
  479.000   100 47901 |    0.0039    1.8338 |
  480.000   100 48001 |    0.0039    1.8377 |
  481.000   100 48101 |    0.0039    1.8416 |
  482.000   100 48201 |    0.0039    1.8455 |
  483.000   100 48301 |    0.0039    1.8494 |
  484.000   100 48401 |    0.0039    1.8533 |
  485.000   100 48501 |    0.0039    1.8572 |
  486.000   100 48601 |    0.0039    1.8611 |
  487.000   100 48701 |    0.0039    1.8650 |
  488.000   100 48801 |    0.0039    1.8689 |
  489.000   100 48901 |    0.0039    1.8728 |
  490.000   100 49001 |    0.0039    1.8767 |
  491.000   100 49101 |    0.0039    1.8806 |
  492.000   100 49201 |    0.0039    1.8845 |
  493.000   100 49301 |    0.0039    1.8884 |
  494.000   100 49401 |    0.0039    1.8922 |
  495.000   100 49501 |    0.0039    1.8961 |
  496.000   100 49601 |    0.0039    1.9000 |
  497.000   100 49701 |    0.0039    1.9039 |
  498.000   100 49801 |    0.0039    1.9078 |
  499.000   100 49901 |    0.0041    1.9120 |
  500.000   100 50001 |    0.0042    1.9162 |
  501.000   100 50101 |    0.0041    1.9203 |
  502.000   100 50201 |    0.0041    1.9244 |
  503.000   100 50301 |    0.0041    1.9284 |
  504.000   100 50401 |    0.0040    1.9324 |
  505.000   100 50501 |    0.0040    1.9364 |
  506.000   100 50601 |    0.0041    1.9405 |
  507.000   100 50701 |    0.0041    1.9446 |
  508.000   100 50801 |    0.0040    1.9486 |
  509.000   100 50901 |    0.0039    1.9525 |
  510.000   100 51001 |    0.0039    1.9564 |
  511.000   100 51101 |    0.0041    1.9604 |
  512.000   100 51201 |    0.0039    1.9643 |
  513.000   100 51301 |    0.0039    1.9682 |
  514.000   100 51401 |    0.0039    1.9720 |
  515.000   100 51501 |    0.0039    1.9759 |
  516.000   100 51601 |    0.0039    1.9798 |
  517.000   100 51701 |    0.0039    1.9837 |
  518.000   100 51801 |    0.0038    1.9875 |
  519.000   100 51901 |    0.0040    1.9915 |
  520.000   100 52001 |    0.0041    1.9956 |
  521.000   100 52101 |    0.0041    1.9997 |
  522.000   100 52201 |    0.0041    2.0038 |
  523.000   100 52301 |    0.0041    2.0079 |
  524.000   100 52401 |    0.0045    2.0124 |
  525.000   100 52501 |    0.0040    2.0164 |
  526.000   100 52601 |    0.0041    2.0205 |
  527.000   100 52701 |    0.0040    2.0245 |
  528.000   100 52801 |    0.0039    2.0284 |
  529.000   100 52901 |    0.0039    2.0323 |
  530.000   100 53001 |    0.0039    2.0362 |
  531.000   100 53101 |    0.0039    2.0400 |
  532.000   100 53201 |    0.0039    2.0439 |
  533.000   100 53301 |    0.0039    2.0478 |
  534.000   100 53401 |    0.0039    2.0517 |
  535.000   100 53501 |    0.0039    2.0555 |
  536.000   100 53601 |    0.0039    2.0594 |
  537.000   100 53701 |    0.0039    2.0633 |
  538.000   100 53801 |    0.0039    2.0671 |
  539.000   100 53901 |    0.0039    2.0710 |
  540.000   100 54001 |    0.0039    2.0749 |
  541.000   100 54101 |    0.0039    2.0788 |
  542.000   100 54201 |    0.0039    2.0827 |
  543.000   100 54301 |    0.0039    2.0865 |
  544.000   100 54401 |    0.0039    2.0904 |
  545.000   100 54501 |    0.0039    2.0943 |
  546.000   100 54601 |    0.0039    2.0982 |
  547.000   100 54701 |    0.0039    2.1021 |
  548.000   100 54801 |    0.0039    2.1060 |
  549.000   100 54901 |    0.0039    2.1099 |
  550.000   100 55001 |    0.0039    2.1138 |
  551.000   100 55101 |    0.0039    2.1176 |
  552.000   100 55201 |    0.0039    2.1215 |
  553.000   100 55301 |    0.0039    2.1254 |
  554.000   100 55401 |    0.0039    2.1292 |
  555.000   100 55501 |    0.0039    2.1331 |
  556.000   100 55601 |    0.0039    2.1369 |
  557.000   100 55701 |    0.0039    2.1408 |
  558.000   100 55801 |    0.0039    2.1447 |
  559.000   100 55901 |    0.0039    2.1486 |
  560.000   100 56001 |    0.0039    2.1524 |
  561.000   100 56101 |    0.0039    2.1563 |
  562.000   100 56201 |    0.0039    2.1602 |
  563.000   100 56301 |    0.0039    2.1641 |
  564.000   100 56401 |    0.0039    2.1679 |
  565.000   100 56501 |    0.0039    2.1718 |
  566.000   100 56601 |    0.0039    2.1757 |
  567.000   100 56701 |    0.0039    2.1796 |
  568.000   100 56801 |    0.0039    2.1834 |
  569.000   100 56901 |    0.0039    2.1873 |
  570.000   100 57001 |    0.0039    2.1912 |
  571.000   100 57101 |    0.0039    2.1951 |
  572.000   100 57201 |    0.0039    2.1989 |
  573.000   100 57301 |    0.0039    2.2028 |
  574.000   100 57401 |    0.0039    2.2067 |
  575.000   100 57501 |    0.0039    2.2105 |
  576.000   100 57601 |    0.0039    2.2145 |
  577.000   100 57701 |    0.0039    2.2183 |
  578.000   100 57801 |    0.0039    2.2222 |
  579.000   100 57901 |    0.0039    2.2260 |
  580.000   100 58001 |    0.0039    2.2299 |
  581.000   100 58101 |    0.0039    2.2338 |
  582.000   100 58201 |    0.0038    2.2376 |
  583.000   100 58301 |    0.0039    2.2415 |
  584.000   100 58401 |    0.0039    2.2454 |
  585.000   100 58501 |    0.0039    2.2492 |
  586.000   100 58601 |    0.0039    2.2531 |
  587.000   100 58701 |    0.0038    2.2569 |
  588.000   100 58801 |    0.0039    2.2608 |
  589.000   100 58901 |    0.0039    2.2647 |
  590.000   100 59001 |    0.0039    2.2686 |
  591.000   100 59101 |    0.0039    2.2725 |
  592.000   100 59201 |    0.0039    2.2764 |
  593.000   100 59301 |    0.0039    2.2802 |
  594.000   100 59401 |    0.0039    2.2841 |
  595.000   100 59501 |    0.0039    2.2880 |
  596.000   100 59601 |    0.0039    2.2918 |
  597.000   100 59701 |    0.0039    2.2957 |
  598.000   100 59801 |    0.0041    2.2998 |
  599.000   100 59901 |    0.0039    2.3037 |
  600.000   100 60001 |    0.0039    2.3075 |
  601.000   100 60101 |    0.0039    2.3114 |
  602.000   100 60201 |    0.0039    2.3152 |
  603.000   100 60301 |    0.0039    2.3191 |
  604.000   100 60401 |    0.0039    2.3229 |
  605.000   100 60501 |    0.0039    2.3268 |
  606.000   100 60601 |    0.0039    2.3307 |
  607.000   100 60701 |    0.0039    2.3346 |
  608.000   100 60801 |    0.0038    2.3384 |
  609.000   100 60901 |    0.0039    2.3423 |
  610.000   100 61001 |    0.0039    2.3462 |
  611.000   100 61101 |    0.0039    2.3501 |
  612.000   100 61201 |    0.0039    2.3540 |
  613.000   100 61301 |    0.0039    2.3579 |
  614.000   100 61401 |    0.0039    2.3617 |
  615.000   100 61501 |    0.0039    2.3656 |
  616.000   100 61601 |    0.0039    2.3695 |
  617.000   100 61701 |    0.0038    2.3733 |
  618.000   100 61801 |    0.0039    2.3772 |
  619.000   100 61901 |    0.0039    2.3811 |
  620.000   100 62001 |    0.0039    2.3849 |
  621.000   100 62101 |    0.0039    2.3889 |
  622.000   100 62201 |    0.0039    2.3928 |
  623.000   100 62301 |    0.0039    2.3966 |
  624.000   100 62401 |    0.0039    2.4005 |
  625.000   100 62501 |    0.0038    2.4043 |
  626.000   100 62601 |    0.0039    2.4082 |
  627.000   100 62701 |    0.0039    2.4121 |
  628.000   100 62801 |    0.0039    2.4160 |
  629.000   100 62901 |    0.0039    2.4199 |
  630.000   100 63001 |    0.0038    2.4237 |
  631.000   100 63101 |    0.0039    2.4276 |
  632.000   100 63201 |    0.0039    2.4315 |
  633.000   100 63301 |    0.0039    2.4354 |
  634.000   100 63401 |    0.0039    2.4392 |
  635.000   100 63501 |    0.0039    2.4432 |
  636.000   100 63601 |    0.0039    2.4471 |
  637.000   100 63701 |    0.0039    2.4510 |
  638.000   100 63801 |    0.0039    2.4549 |
  639.000   100 63901 |    0.0039    2.4588 |
  640.000   100 64001 |    0.0039    2.4627 |
  641.000   100 64101 |    0.0039    2.4666 |
  642.000   100 64201 |    0.0039    2.4705 |
  643.000   100 64301 |    0.0039    2.4743 |
  644.000   100 64401 |    0.0039    2.4782 |
  645.000   100 64501 |    0.0039    2.4822 |
  646.000   100 64601 |    0.0039    2.4860 |
  647.000   100 64701 |    0.0039    2.4899 |
  648.000   100 64801 |    0.0039    2.4938 |
  649.000   100 64901 |    0.0039    2.4977 |
  650.000   100 65001 |    0.0039    2.5016 |
  651.000   100 65101 |    0.0039    2.5054 |
  652.000   100 65201 |    0.0040    2.5094 |
  653.000   100 65301 |    0.0039    2.5133 |
  654.000   100 65401 |    0.0039    2.5172 |
  655.000   100 65501 |    0.0039    2.5211 |
  656.000   100 65601 |    0.0039    2.5250 |
  657.000   100 65701 |    0.0039    2.5289 |
  658.000   100 65801 |    0.0039    2.5327 |
  659.000   100 65901 |    0.0039    2.5366 |
  660.000   100 66001 |    0.0039    2.5405 |
  661.000   100 66101 |    0.0039    2.5444 |
  662.000   100 66201 |    0.0039    2.5482 |
  663.000   100 66301 |    0.0039    2.5521 |
  664.000   100 66401 |    0.0039    2.5560 |
  665.000   100 66501 |    0.0039    2.5599 |
  666.000   100 66601 |    0.0039    2.5637 |
  667.000   100 66701 |    0.0039    2.5676 |
  668.000   100 66801 |    0.0039    2.5715 |
  669.000   100 66901 |    0.0039    2.5754 |
  670.000   100 67001 |    0.0039    2.5792 |
  671.000   100 67101 |    0.0039    2.5831 |
  672.000   100 67201 |    0.0040    2.5871 |
  673.000   100 67301 |    0.0039    2.5909 |
  674.000   100 67401 |    0.0038    2.5948 |
  675.000   100 67501 |    0.0039    2.5986 |
  676.000   100 67601 |    0.0038    2.6025 |
  677.000   100 67701 |    0.0038    2.6063 |
  678.000   100 67801 |    0.0038    2.6101 |
  679.000   100 67901 |    0.0038    2.6140 |
  680.000   100 68001 |    0.0038    2.6178 |
  681.000   100 68101 |    0.0038    2.6216 |
  682.000   100 68201 |    0.0038    2.6254 |
  683.000   100 68301 |    0.0038    2.6292 |
  684.000   100 68401 |    0.0038    2.6330 |
  685.000   100 68501 |    0.0038    2.6367 |
  686.000   100 68601 |    0.0038    2.6405 |
  687.000   100 68701 |    0.0038    2.6442 |
  688.000   100 68801 |    0.0038    2.6480 |
  689.000   100 68901 |    0.0038    2.6518 |
  690.000   100 69001 |    0.0037    2.6555 |
  691.000   100 69101 |    0.0038    2.6593 |
  692.000   100 69201 |    0.0037    2.6630 |
  693.000   100 69301 |    0.0037    2.6667 |
  694.000   100 69401 |    0.0037    2.6704 |
  695.000   100 69501 |    0.0037    2.6742 |
  696.000   100 69601 |    0.0038    2.6780 |
  697.000   100 69701 |    0.0038    2.6818 |
  698.000   100 69801 |    0.0037    2.6855 |
  699.000   100 69901 |    0.0037    2.6892 |
  700.000   100 70001 |    0.0037    2.6929 |
  701.000   100 70101 |    0.0037    2.6966 |
  702.000   100 70201 |    0.0037    2.7003 |
  703.000   100 70301 |    0.0037    2.7040 |
  704.000   100 70401 |    0.0037    2.7077 |
  705.000   100 70501 |    0.0037    2.7114 |
  706.000   100 70601 |    0.0037    2.7151 |
  707.000   100 70701 |    0.0037    2.7188 |
  708.000   100 70801 |    0.0037    2.7224 |
  709.000   100 70901 |    0.0037    2.7261 |
  710.000   100 71001 |    0.0037    2.7298 |
  711.000   100 71101 |    0.0037    2.7335 |
  712.000   100 71201 |    0.0037    2.7371 |
  713.000   100 71301 |    0.0037    2.7408 |
  714.000   100 71401 |    0.0037    2.7445 |
  715.000   100 71501 |    0.0036    2.7481 |
  716.000   100 71601 |    0.0036    2.7518 |
  717.000   100 71701 |    0.0036    2.7554 |
  718.000   100 71801 |    0.0037    2.7591 |
  719.000   100 71901 |    0.0036    2.7627 |
  720.000   100 72001 |    0.0036    2.7664 |
  721.000   100 72101 |    0.0036    2.7700 |
  722.000   100 72201 |    0.0036    2.7736 |
  723.000   100 72301 |    0.0036    2.7772 |
  724.000   100 72401 |    0.0036    2.7809 |
  725.000   100 72501 |    0.0036    2.7845 |
  726.000   100 72601 |    0.0036    2.7881 |
  727.000   100 72701 |    0.0036    2.7917 |
  728.000   100 72801 |    0.0036    2.7953 |
  729.000   100 72901 |    0.0036    2.7989 |
  730.000   100 73001 |    0.0036    2.8025 |
  731.000   100 73101 |    0.0036    2.8061 |
  732.000   100 73201 |    0.0036    2.8097 |
  733.000   100 73301 |    0.0036    2.8133 |
  734.000   100 73401 |    0.0036    2.8170 |
  735.000   100 73501 |    0.0036    2.8206 |
  736.000   100 73601 |    0.0036    2.8242 |
  737.000   100 73701 |    0.0036    2.8278 |
  738.000   100 73801 |    0.0036    2.8314 |
  739.000   100 73901 |    0.0036    2.8350 |
  740.000   100 74001 |    0.0036    2.8386 |
  741.000   100 74101 |    0.0036    2.8422 |
  742.000   100 74201 |    0.0036    2.8458 |
  743.000   100 74301 |    0.0036    2.8494 |
  744.000   100 74401 |    0.0036    2.8530 |
  745.000   100 74501 |    0.0036    2.8566 |
  746.000   100 74601 |    0.0036    2.8602 |
  747.000   100 74701 |    0.0036    2.8638 |
  748.000   100 74801 |    0.0036    2.8674 |
  749.000   100 74901 |    0.0036    2.8710 |
  750.000   100 75001 |    0.0036    2.8746 |
