          ----- ----- -------  -----  ----- | ---- ----- --------- --------- --------- |
          mn it mx it  avg it    its  ttits |   ss    ts        st      stps     stpit |
    0.000     0     0     0.0      0      0 |    1     1    0.0066    0.0066    0.0000 |
    1.000     1     1     1.0    100    100 |  100   101    0.0504    0.0005    0.0005 |
    2.000     1     1     1.0    100    200 |  100   201    0.0500    0.0005    0.0005 |
    3.000     1     1     1.0    100    300 |  100   301    0.0501    0.0005    0.0005 |
    4.000     1     1     1.0    100    400 |  100   401    0.0499    0.0005    0.0005 |
    5.000     1     1     1.0    100    500 |  100   501    0.0502    0.0005    0.0005 |
    6.000     1     1     1.0    100    600 |  100   601    0.0500    0.0005    0.0005 |
    7.000     1     1     1.0    100    700 |  100   701    0.0502    0.0005    0.0005 |
    8.000     1     1     1.0    100    800 |  100   801    0.0501    0.0005    0.0005 |
    9.000     1     1     1.0    100    900 |  100   901    0.0504    0.0005    0.0005 |
   10.000     1     1     1.0    100   1000 |  100  1001    0.0499    0.0005    0.0005 |
   11.000     1     1     1.0    100   1100 |  100  1101    0.0503    0.0005    0.0005 |
   12.000     1     1     1.0    100   1200 |  100  1201    0.0501    0.0005    0.0005 |
   13.000     1     1     1.0    100   1300 |  100  1301    0.0501    0.0005    0.0005 |
   14.000     1     1     1.0    100   1400 |  100  1401    0.0501    0.0005    0.0005 |
   15.000     1     1     1.0    100   1500 |  100  1501    0.0500    0.0005    0.0005 |
   16.000     1     1     1.0    100   1600 |  100  1601    0.0500    0.0005    0.0005 |
   17.000     1     1     1.0    100   1700 |  100  1701    0.0506    0.0005    0.0005 |
   18.000     1     1     1.0    100   1800 |  100  1801    0.0501    0.0005    0.0005 |
   19.000     1     1     1.0    100   1900 |  100  1901    0.0502    0.0005    0.0005 |
   20.000     1     1     1.0    100   2000 |  100  2001    0.0499    0.0005    0.0005 |
   21.000     1     1     1.0    100   2100 |  100  2101    0.0501    0.0005    0.0005 |
   22.000     1     1     1.0    100   2200 |  100  2201    0.0504    0.0005    0.0005 |
   23.000     1     1     1.0    100   2300 |  100  2301    0.0511    0.0005    0.0005 |
   24.000     1     1     1.0    100   2400 |  100  2401    0.0502    0.0005    0.0005 |
   25.000     1     1     1.0    100   2500 |  100  2501    0.0511    0.0005    0.0005 |
   26.000     1     1     1.0    100   2600 |  100  2601    0.0509    0.0005    0.0005 |
   27.000     1     1     1.0    100   2700 |  100  2701    0.0510    0.0005    0.0005 |
   28.000     1     1     1.0    100   2800 |  100  2801    0.0508    0.0005    0.0005 |
   29.000     1     1     1.0    100   2900 |  100  2901    0.0510    0.0005    0.0005 |
   30.000     1     1     1.0    100   3000 |  100  3001    0.0502    0.0005    0.0005 |
   31.000     1     1     1.0    100   3100 |  100  3101    0.0506    0.0005    0.0005 |
   32.000     1     1     1.0    100   3200 |  100  3201    0.0505    0.0005    0.0005 |
   33.000     1     1     1.0    100   3300 |  100  3301    0.0502    0.0005    0.0005 |
   34.000     1     1     1.0    100   3400 |  100  3401    0.0504    0.0005    0.0005 |
   35.000     1     1     1.0    100   3500 |  100  3501    0.0524    0.0005    0.0005 |
   36.000     1     1     1.0    100   3600 |  100  3601    0.0532    0.0005    0.0005 |
   37.000     1     1     1.0    100   3700 |  100  3701    0.0537    0.0005    0.0005 |
   38.000     1     1     1.0    100   3800 |  100  3801    0.0531    0.0005    0.0005 |
   39.000     1     1     1.0    100   3900 |  100  3901    0.0533    0.0005    0.0005 |
   40.000     1     1     1.0    100   4000 |  100  4001    0.0536    0.0005    0.0005 |
   41.000     1     1     1.0    100   4100 |  100  4101    0.0531    0.0005    0.0005 |
   42.000     1     1     1.0    100   4200 |  100  4201    0.0524    0.0005    0.0005 |
   43.000     1     1     1.0    100   4300 |  100  4301    0.0532    0.0005    0.0005 |
   44.000     1     1     1.0    100   4400 |  100  4401    0.0518    0.0005    0.0005 |
   45.000     1     1     1.0    100   4500 |  100  4501    0.0510    0.0005    0.0005 |
   46.000     1     1     1.0    100   4600 |  100  4601    0.0506    0.0005    0.0005 |
   47.000     1     1     1.0    100   4700 |  100  4701    0.0502    0.0005    0.0005 |
   48.000     1     1     1.0    100   4800 |  100  4801    0.0502    0.0005    0.0005 |
   49.000     1     1     1.0    100   4900 |  100  4901    0.0508    0.0005    0.0005 |
   50.000     1     1     1.0    100   5000 |  100  5001    0.0508    0.0005    0.0005 |
   51.000     1     1     1.0    100   5100 |  100  5101    0.0499    0.0005    0.0005 |
   52.000     1     1     1.0    100   5200 |  100  5201    0.0501    0.0005    0.0005 |
   53.000     1     1     1.0    100   5300 |  100  5301    0.0501    0.0005    0.0005 |
   54.000     1     1     1.0    100   5400 |  100  5401    0.0506    0.0005    0.0005 |
   55.000     1     1     1.0    100   5500 |  100  5501    0.0510    0.0005    0.0005 |
   56.000     1     1     1.0    100   5600 |  100  5601    0.0501    0.0005    0.0005 |
   57.000     1     1     1.0    100   5700 |  100  5701    0.0499    0.0005    0.0005 |
   58.000     1     1     1.0    100   5800 |  100  5801    0.0501    0.0005    0.0005 |
   59.000     1     1     1.0    100   5900 |  100  5901    0.0509    0.0005    0.0005 |
   60.000     1     1     1.0    100   6000 |  100  6001    0.0510    0.0005    0.0005 |
   61.000     1     1     1.0    100   6100 |  100  6101    0.0500    0.0005    0.0005 |
   62.000     1     1     1.0    100   6200 |  100  6201    0.0509    0.0005    0.0005 |
   63.000     1     1     1.0    100   6300 |  100  6301    0.0499    0.0005    0.0005 |
   64.000     1     1     1.0    100   6400 |  100  6401    0.0503    0.0005    0.0005 |
   65.000     1     1     1.0    100   6500 |  100  6501    0.0500    0.0005    0.0005 |
   66.000     1     1     1.0    100   6600 |  100  6601    0.0500    0.0005    0.0005 |
   67.000     1     1     1.0    100   6700 |  100  6701    0.0500    0.0005    0.0005 |
   68.000     1     1     1.0    100   6800 |  100  6801    0.0501    0.0005    0.0005 |
   69.000     1     1     1.0    100   6900 |  100  6901    0.0499    0.0005    0.0005 |
   70.000     1     1     1.0    100   7000 |  100  7001    0.0500    0.0005    0.0005 |
   71.000     1     1     1.0    100   7100 |  100  7101    0.0502    0.0005    0.0005 |
   72.000     1     1     1.0    100   7200 |  100  7201    0.0499    0.0005    0.0005 |
   73.000     1     1     1.0    100   7300 |  100  7301    0.0502    0.0005    0.0005 |
   74.000     1     1     1.0    100   7400 |  100  7401    0.0503    0.0005    0.0005 |
   75.000     1     1     1.0    100   7500 |  100  7501    0.0506    0.0005    0.0005 |
   76.000     1     1     1.0    100   7600 |  100  7601    0.0507    0.0005    0.0005 |
   77.000     1     1     1.0    100   7700 |  100  7701    0.0503    0.0005    0.0005 |
   78.000     1     1     1.0    100   7800 |  100  7801    0.0501    0.0005    0.0005 |
   79.000     1     1     1.0    100   7900 |  100  7901    0.0502    0.0005    0.0005 |
   80.000     1     1     1.0    100   8000 |  100  8001    0.0501    0.0005    0.0005 |
   81.000     1     1     1.0    100   8100 |  100  8101    0.0501    0.0005    0.0005 |
   82.000     1     1     1.0    100   8200 |  100  8201    0.0500    0.0005    0.0005 |
   83.000     1     1     1.0    100   8300 |  100  8301    0.0508    0.0005    0.0005 |
   84.000     1     1     1.0    100   8400 |  100  8401    0.0510    0.0005    0.0005 |
   85.000     1     1     1.0    100   8500 |  100  8501    0.0503    0.0005    0.0005 |
   86.000     1     1     1.0    100   8600 |  100  8601    0.0505    0.0005    0.0005 |
   87.000     1     1     1.0    100   8700 |  100  8701    0.0502    0.0005    0.0005 |
   88.000     1     1     1.0    100   8800 |  100  8801    0.0499    0.0005    0.0005 |
   89.000     1     1     1.0    100   8900 |  100  8901    0.0500    0.0005    0.0005 |
   90.000     1     1     1.0    100   9000 |  100  9001    0.0510    0.0005    0.0005 |
   91.000     1     1     1.0    100   9100 |  100  9101    0.0501    0.0005    0.0005 |
   92.000     1     1     1.0    100   9200 |  100  9201    0.0501    0.0005    0.0005 |
   93.000     1     1     1.0    100   9300 |  100  9301    0.0500    0.0005    0.0005 |
   94.000     1     1     1.0    100   9400 |  100  9401    0.0503    0.0005    0.0005 |
   95.000     1     1     1.0    100   9500 |  100  9501    0.0500    0.0005    0.0005 |
   96.000     1     1     1.0    100   9600 |  100  9601    0.0508    0.0005    0.0005 |
   97.000     1     1     1.0    100   9700 |  100  9701    0.0507    0.0005    0.0005 |
   98.000     1     1     1.0    100   9800 |  100  9801    0.0501    0.0005    0.0005 |
   99.000     1     1     1.0    100   9900 |  100  9901    0.0501    0.0005    0.0005 |
  100.000     1     1     1.0    100  10000 |  100 10001    0.0501    0.0005    0.0005 |
  101.000     1     1     1.0    100  10100 |  100 10101    0.0499    0.0005    0.0005 |
  102.000     1     1     1.0    100  10200 |  100 10201    0.0499    0.0005    0.0005 |
  103.000     1     1     1.0    100  10300 |  100 10301    0.0503    0.0005    0.0005 |
  104.000     1     1     1.0    100  10400 |  100 10401    0.0501    0.0005    0.0005 |
  105.000     1     1     1.0    100  10500 |  100 10501    0.0501    0.0005    0.0005 |
  106.000     1     1     1.0    100  10600 |  100 10601    0.0509    0.0005    0.0005 |
  107.000     1     1     1.0    100  10700 |  100 10701    0.0503    0.0005    0.0005 |
  108.000     1     1     1.0    100  10800 |  100 10801    0.0500    0.0005    0.0005 |
  109.000     1     1     1.0    100  10900 |  100 10901    0.0499    0.0005    0.0005 |
  110.000     1     1     1.0    100  11000 |  100 11001    0.0504    0.0005    0.0005 |
  111.000     1     1     1.0    100  11100 |  100 11101    0.0503    0.0005    0.0005 |
  112.000     1     1     1.0    100  11200 |  100 11201    0.0506    0.0005    0.0005 |
  113.000     1     1     1.0    100  11300 |  100 11301    0.0501    0.0005    0.0005 |
  114.000     1     1     1.0    100  11400 |  100 11401    0.0508    0.0005    0.0005 |
  115.000     1     1     1.0    100  11500 |  100 11501    0.0501    0.0005    0.0005 |
  116.000     1     1     1.0    100  11600 |  100 11601    0.0501    0.0005    0.0005 |
  117.000     1     1     1.0    100  11700 |  100 11701    0.0506    0.0005    0.0005 |
  118.000     1     1     1.0    100  11800 |  100 11801    0.0503    0.0005    0.0005 |
  119.000     1     1     1.0    100  11900 |  100 11901    0.0505    0.0005    0.0005 |
  120.000     1     1     1.0    100  12000 |  100 12001    0.0503    0.0005    0.0005 |
  121.000     1     1     1.0    100  12100 |  100 12101    0.0500    0.0005    0.0005 |
  122.000     1     1     1.0    100  12200 |  100 12201    0.0506    0.0005    0.0005 |
  123.000     1     1     1.0    100  12300 |  100 12301    0.0500    0.0005    0.0005 |
  124.000     1     1     1.0    100  12400 |  100 12401    0.0502    0.0005    0.0005 |
  125.000     1     1     1.0    100  12500 |  100 12501    0.0502    0.0005    0.0005 |
  126.000     1     1     1.0    100  12600 |  100 12601    0.0502    0.0005    0.0005 |
  127.000     1     1     1.0    100  12700 |  100 12701    0.0507    0.0005    0.0005 |
  128.000     1     1     1.0    100  12800 |  100 12801    0.0502    0.0005    0.0005 |
  129.000     1     1     1.0    100  12900 |  100 12901    0.0501    0.0005    0.0005 |
  130.000     1     1     1.0    100  13000 |  100 13001    0.0503    0.0005    0.0005 |
  131.000     1     1     1.0    100  13100 |  100 13101    0.0503    0.0005    0.0005 |
  132.000     1     1     1.0    100  13200 |  100 13201    0.0506    0.0005    0.0005 |
  133.000     1     1     1.0    100  13300 |  100 13301    0.0508    0.0005    0.0005 |
  134.000     1     1     1.0    100  13400 |  100 13401    0.0508    0.0005    0.0005 |
  135.000     1     1     1.0    100  13500 |  100 13501    0.0505    0.0005    0.0005 |
  136.000     1     1     1.0    100  13600 |  100 13601    0.0507    0.0005    0.0005 |
  137.000     1     1     1.0    100  13700 |  100 13701    0.0503    0.0005    0.0005 |
  138.000     1     1     1.0    100  13800 |  100 13801    0.0511    0.0005    0.0005 |
  139.000     1     1     1.0    100  13900 |  100 13901    0.0507    0.0005    0.0005 |
  140.000     1     1     1.0    100  14000 |  100 14001    0.0502    0.0005    0.0005 |
  141.000     1     1     1.0    100  14100 |  100 14101    0.0502    0.0005    0.0005 |
  142.000     1     1     1.0    100  14200 |  100 14201    0.0509    0.0005    0.0005 |
  143.000     1     1     1.0    100  14300 |  100 14301    0.0501    0.0005    0.0005 |
  144.000     1     1     1.0    100  14400 |  100 14401    0.0501    0.0005    0.0005 |
  145.000     1     1     1.0    100  14500 |  100 14501    0.0499    0.0005    0.0005 |
  146.000     1     1     1.0    100  14600 |  100 14601    0.0505    0.0005    0.0005 |
  147.000     1     1     1.0    100  14700 |  100 14701    0.0503    0.0005    0.0005 |
  148.000     1     1     1.0    100  14800 |  100 14801    0.0504    0.0005    0.0005 |
  149.000     1     1     1.0    100  14900 |  100 14901    0.0502    0.0005    0.0005 |
  150.000     1     1     1.0    100  15000 |  100 15001    0.0505    0.0005    0.0005 |
  151.000     1     1     1.0    100  15100 |  100 15101    0.0508    0.0005    0.0005 |
  152.000     1     1     1.0    100  15200 |  100 15201    0.0502    0.0005    0.0005 |
  153.000     1     1     1.0    100  15300 |  100 15301    0.0502    0.0005    0.0005 |
  154.000     1     1     1.0    100  15400 |  100 15401    0.0502    0.0005    0.0005 |
  155.000     1     1     1.0    100  15500 |  100 15501    0.0499    0.0005    0.0005 |
  156.000     1     1     1.0    100  15600 |  100 15601    0.0501    0.0005    0.0005 |
  157.000     1     1     1.0    100  15700 |  100 15701    0.0502    0.0005    0.0005 |
  158.000     1     1     1.0    100  15800 |  100 15801    0.0505    0.0005    0.0005 |
  159.000     1     1     1.0    100  15900 |  100 15901    0.0510    0.0005    0.0005 |
  160.000     1     1     1.0    100  16000 |  100 16001    0.0509    0.0005    0.0005 |
  161.000     1     1     1.0    100  16100 |  100 16101    0.0506    0.0005    0.0005 |
  162.000     1     1     1.0    100  16200 |  100 16201    0.0509    0.0005    0.0005 |
  163.000     1     1     1.0    100  16300 |  100 16301    0.0502    0.0005    0.0005 |
  164.000     1     1     1.0    100  16400 |  100 16401    0.0508    0.0005    0.0005 |
  165.000     1     1     1.0    100  16500 |  100 16501    0.0500    0.0005    0.0005 |
  166.000     1     1     1.0    100  16600 |  100 16601    0.0504    0.0005    0.0005 |
  167.000     1     1     1.0    100  16700 |  100 16701    0.0505    0.0005    0.0005 |
  168.000     1     1     1.0    100  16800 |  100 16801    0.0510    0.0005    0.0005 |
  169.000     1     1     1.0    100  16900 |  100 16901    0.0499    0.0005    0.0005 |
  170.000     1     1     1.0    100  17000 |  100 17001    0.0505    0.0005    0.0005 |
  171.000     1     1     1.0    100  17100 |  100 17101    0.0503    0.0005    0.0005 |
  172.000     1     1     1.0    100  17200 |  100 17201    0.0504    0.0005    0.0005 |
  173.000     1     1     1.0    100  17300 |  100 17301    0.0505    0.0005    0.0005 |
  174.000     1     1     1.0    100  17400 |  100 17401    0.0504    0.0005    0.0005 |
  175.000     1     1     1.0    100  17500 |  100 17501    0.0508    0.0005    0.0005 |
  176.000     1     1     1.0    100  17600 |  100 17601    0.0506    0.0005    0.0005 |
  177.000     1     1     1.0    100  17700 |  100 17701    0.0506    0.0005    0.0005 |
  178.000     1     1     1.0    100  17800 |  100 17801    0.0507    0.0005    0.0005 |
  179.000     1     1     1.0    100  17900 |  100 17901    0.0500    0.0005    0.0005 |
  180.000     1     1     1.0    100  18000 |  100 18001    0.0508    0.0005    0.0005 |
  181.000     1     1     1.0    100  18100 |  100 18101    0.0508    0.0005    0.0005 |
  182.000     1     1     1.0    100  18200 |  100 18201    0.0502    0.0005    0.0005 |
  183.000     1     1     1.0    100  18300 |  100 18301    0.0507    0.0005    0.0005 |
  184.000     1     1     1.0    100  18400 |  100 18401    0.0506    0.0005    0.0005 |
  185.000     1     1     1.0    100  18500 |  100 18501    0.0508    0.0005    0.0005 |
  186.000     1     1     1.0    100  18600 |  100 18601    0.0500    0.0005    0.0005 |
  187.000     1     1     1.0    100  18700 |  100 18701    0.0503    0.0005    0.0005 |
  188.000     1     1     1.0    100  18800 |  100 18801    0.0500    0.0005    0.0005 |
  189.000     1     1     1.0    100  18900 |  100 18901    0.0506    0.0005    0.0005 |
  190.000     1     1     1.0    100  19000 |  100 19001    0.0506    0.0005    0.0005 |
  191.000     1     1     1.0    100  19100 |  100 19101    0.0509    0.0005    0.0005 |
  192.000     1     1     1.0    100  19200 |  100 19201    0.0506    0.0005    0.0005 |
  193.000     1     1     1.0    100  19300 |  100 19301    0.0507    0.0005    0.0005 |
  194.000     1     1     1.0    100  19400 |  100 19401    0.0503    0.0005    0.0005 |
  195.000     1     1     1.0    100  19500 |  100 19501    0.0500    0.0005    0.0005 |
  196.000     1     1     1.0    100  19600 |  100 19601    0.0506    0.0005    0.0005 |
  197.000     1     1     1.0    100  19700 |  100 19701    0.0507    0.0005    0.0005 |
  198.000     1     1     1.0    100  19800 |  100 19801    0.0504    0.0005    0.0005 |
  199.000     1     1     1.0    100  19900 |  100 19901    0.0501    0.0005    0.0005 |
  200.000     1     1     1.0    100  20000 |  100 20001    0.0507    0.0005    0.0005 |
  201.000     1     1     1.0    100  20100 |  100 20101    0.0506    0.0005    0.0005 |
  202.000     1     1     1.0    100  20200 |  100 20201    0.0510    0.0005    0.0005 |
  203.000     1     1     1.0    100  20300 |  100 20301    0.0507    0.0005    0.0005 |
  204.000     1     1     1.0    100  20400 |  100 20401    0.0510    0.0005    0.0005 |
  205.000     1     1     1.0    100  20500 |  100 20501    0.0509    0.0005    0.0005 |
  206.000     1     1     1.0    100  20600 |  100 20601    0.0509    0.0005    0.0005 |
  207.000     1     1     1.0    100  20700 |  100 20701    0.0508    0.0005    0.0005 |
  208.000     1     1     1.0    100  20800 |  100 20801    0.0507    0.0005    0.0005 |
  209.000     1     1     1.0    100  20900 |  100 20901    0.0506    0.0005    0.0005 |
  210.000     1     1     1.0    100  21000 |  100 21001    0.0504    0.0005    0.0005 |
  211.000     1     1     1.0    100  21100 |  100 21101    0.0507    0.0005    0.0005 |
  212.000     1     1     1.0    100  21200 |  100 21201    0.0503    0.0005    0.0005 |
  213.000     1     1     1.0    100  21300 |  100 21301    0.0511    0.0005    0.0005 |
  214.000     1     1     1.0    100  21400 |  100 21401    0.0510    0.0005    0.0005 |
  215.000     1     1     1.0    100  21500 |  100 21501    0.0510    0.0005    0.0005 |
  216.000     1     1     1.0    100  21600 |  100 21601    0.0502    0.0005    0.0005 |
  217.000     1     1     1.0    100  21700 |  100 21701    0.0508    0.0005    0.0005 |
  218.000     1     1     1.0    100  21800 |  100 21801    0.0501    0.0005    0.0005 |
  219.000     1     1     1.0    100  21900 |  100 21901    0.0502    0.0005    0.0005 |
  220.000     1     1     1.0    100  22000 |  100 22001    0.0507    0.0005    0.0005 |
  221.000     1     1     1.0    100  22100 |  100 22101    0.0509    0.0005    0.0005 |
  222.000     1     1     1.0    100  22200 |  100 22201    0.0508    0.0005    0.0005 |
  223.000     1     1     1.0    100  22300 |  100 22301    0.0510    0.0005    0.0005 |
  224.000     1     1     1.0    100  22400 |  100 22401    0.0500    0.0005    0.0005 |
  225.000     1     1     1.0    100  22500 |  100 22501    0.0504    0.0005    0.0005 |
  226.000     1     1     1.0    100  22600 |  100 22601    0.0510    0.0005    0.0005 |
  227.000     1     1     1.0    100  22700 |  100 22701    0.0503    0.0005    0.0005 |
  228.000     1     1     1.0    100  22800 |  100 22801    0.0506    0.0005    0.0005 |
  229.000     1     1     1.0    100  22900 |  100 22901    0.0506    0.0005    0.0005 |
  230.000     1     1     1.0    100  23000 |  100 23001    0.0504    0.0005    0.0005 |
  231.000     1     1     1.0    100  23100 |  100 23101    0.0517    0.0005    0.0005 |
  232.000     1     1     1.0    100  23200 |  100 23201    0.0511    0.0005    0.0005 |
  233.000     1     1     1.0    100  23300 |  100 23301    0.0517    0.0005    0.0005 |
  234.000     1     1     1.0    100  23400 |  100 23401    0.0521    0.0005    0.0005 |
  235.000     1     1     1.0    100  23500 |  100 23501    0.0514    0.0005    0.0005 |
  236.000     1     1     1.0    100  23600 |  100 23601    0.0531    0.0005    0.0005 |
  237.000     1     1     1.0    100  23700 |  100 23701    0.0521    0.0005    0.0005 |
  238.000     1     1     1.0    100  23800 |  100 23801    0.0529    0.0005    0.0005 |
  239.000     1     1     1.0    100  23900 |  100 23901    0.0539    0.0005    0.0005 |
  240.000     1     1     1.0    100  24000 |  100 24001    0.0528    0.0005    0.0005 |
  241.000     1     1     1.0    100  24100 |  100 24101    0.0522    0.0005    0.0005 |
  242.000     1     1     1.0    100  24200 |  100 24201    0.0511    0.0005    0.0005 |
  243.000     1     1     1.0    100  24300 |  100 24301    0.0524    0.0005    0.0005 |
  244.000     1     1     1.0    100  24400 |  100 24401    0.0508    0.0005    0.0005 |
  245.000     1     1     1.0    100  24500 |  100 24501    0.0513    0.0005    0.0005 |
  246.000     1     1     1.0    100  24600 |  100 24601    0.0505    0.0005    0.0005 |
  247.000     1     1     1.0    100  24700 |  100 24701    0.0506    0.0005    0.0005 |
  248.000     1     1     1.0    100  24800 |  100 24801    0.0509    0.0005    0.0005 |
  249.000     1     1     1.0    100  24900 |  100 24901    0.0511    0.0005    0.0005 |
  250.000     1     1     1.0    100  25000 |  100 25001    0.0508    0.0005    0.0005 |
  251.000     1     1     1.0    100  25100 |  100 25101    0.0512    0.0005    0.0005 |
  252.000     1     1     1.0    100  25200 |  100 25201    0.0512    0.0005    0.0005 |
  253.000     1     1     1.0    100  25300 |  100 25301    0.0510    0.0005    0.0005 |
  254.000     1     1     1.0    100  25400 |  100 25401    0.0512    0.0005    0.0005 |
  255.000     1     1     1.0    100  25500 |  100 25501    0.0508    0.0005    0.0005 |
  256.000     1     1     1.0    100  25600 |  100 25601    0.0512    0.0005    0.0005 |
  257.000     1     1     1.0    100  25700 |  100 25701    0.0510    0.0005    0.0005 |
  258.000     1     1     1.0    100  25800 |  100 25801    0.0511    0.0005    0.0005 |
  259.000     1     1     1.0    100  25900 |  100 25901    0.0508    0.0005    0.0005 |
  260.000     1     1     1.0    100  26000 |  100 26001    0.0509    0.0005    0.0005 |
  261.000     1     1     1.0    100  26100 |  100 26101    0.0508    0.0005    0.0005 |
  262.000     1     1     1.0    100  26200 |  100 26201    0.0511    0.0005    0.0005 |
  263.000     1     1     1.0    100  26300 |  100 26301    0.0507    0.0005    0.0005 |
  264.000     1     1     1.0    100  26400 |  100 26401    0.0507    0.0005    0.0005 |
  265.000     1     1     1.0    100  26500 |  100 26501    0.0513    0.0005    0.0005 |
  266.000     1     1     1.0    100  26600 |  100 26601    0.0510    0.0005    0.0005 |
  267.000     1     1     1.0    100  26700 |  100 26701    0.0511    0.0005    0.0005 |
  268.000     1     1     1.0    100  26800 |  100 26801    0.0508    0.0005    0.0005 |
  269.000     1     1     1.0    100  26900 |  100 26901    0.0510    0.0005    0.0005 |
  270.000     1     1     1.0    100  27000 |  100 27001    0.0509    0.0005    0.0005 |
  271.000     1     1     1.0    100  27100 |  100 27101    0.0510    0.0005    0.0005 |
  272.000     1     1     1.0    100  27200 |  100 27201    0.0509    0.0005    0.0005 |
  273.000     1     1     1.0    100  27300 |  100 27301    0.0511    0.0005    0.0005 |
  274.000     1     1     1.0    100  27400 |  100 27401    0.0513    0.0005    0.0005 |
  275.000     1     1     1.0    100  27500 |  100 27501    0.0512    0.0005    0.0005 |
  276.000     1     1     1.0    100  27600 |  100 27601    0.0513    0.0005    0.0005 |
  277.000     1     1     1.0    100  27700 |  100 27701    0.0512    0.0005    0.0005 |
  278.000     1     1     1.0    100  27800 |  100 27801    0.0519    0.0005    0.0005 |
  279.000     1     1     1.0    100  27900 |  100 27901    0.0529    0.0005    0.0005 |
  280.000     1     1     1.0    100  28000 |  100 28001    0.0531    0.0005    0.0005 |
  281.000     1     1     1.0    100  28100 |  100 28101    0.0531    0.0005    0.0005 |
  282.000     1     1     1.0    100  28200 |  100 28201    0.0533    0.0005    0.0005 |
  283.000     1     1     1.0    100  28300 |  100 28301    0.0533    0.0005    0.0005 |
  284.000     1     1     1.0    100  28400 |  100 28401    0.0522    0.0005    0.0005 |
  285.000     1     1     1.0    100  28500 |  100 28501    0.0525    0.0005    0.0005 |
  286.000     1     1     1.0    100  28600 |  100 28601    0.0521    0.0005    0.0005 |
  287.000     1     1     1.0    100  28700 |  100 28701    0.0511    0.0005    0.0005 |
  288.000     1     1     1.0    100  28800 |  100 28801    0.0512    0.0005    0.0005 |
  289.000     1     1     1.0    100  28900 |  100 28901    0.0510    0.0005    0.0005 |
  290.000     1     1     1.0    100  29000 |  100 29001    0.0512    0.0005    0.0005 |
  291.000     1     1     1.0    100  29100 |  100 29101    0.0511    0.0005    0.0005 |
  292.000     1     1     1.0    100  29200 |  100 29201    0.0512    0.0005    0.0005 |
  293.000     1     1     1.0    100  29300 |  100 29301    0.0512    0.0005    0.0005 |
  294.000     1     1     1.0    100  29400 |  100 29401    0.0512    0.0005    0.0005 |
  295.000     1     1     1.0    100  29500 |  100 29501    0.0511    0.0005    0.0005 |
  296.000     1     1     1.0    100  29600 |  100 29601    0.0508    0.0005    0.0005 |
  297.000     1     1     1.0    100  29700 |  100 29701    0.0513    0.0005    0.0005 |
  298.000     1     1     1.0    100  29800 |  100 29801    0.0508    0.0005    0.0005 |
  299.000     1     1     1.0    100  29900 |  100 29901    0.0510    0.0005    0.0005 |
  300.000     1     1     1.0    100  30000 |  100 30001    0.0507    0.0005    0.0005 |
  301.000     1     1     1.0    100  30100 |  100 30101    0.0507    0.0005    0.0005 |
  302.000     1     1     1.0    100  30200 |  100 30201    0.0507    0.0005    0.0005 |
  303.000     1     1     1.0    100  30300 |  100 30301    0.0507    0.0005    0.0005 |
  304.000     1     1     1.0    100  30400 |  100 30401    0.0509    0.0005    0.0005 |
  305.000     1     1     1.0    100  30500 |  100 30501    0.0510    0.0005    0.0005 |
  306.000     1     1     1.0    100  30600 |  100 30601    0.0506    0.0005    0.0005 |
  307.000     1     1     1.0    100  30700 |  100 30701    0.0509    0.0005    0.0005 |
  308.000     1     1     1.0    100  30800 |  100 30801    0.0509    0.0005    0.0005 |
  309.000     1     1     1.0    100  30900 |  100 30901    0.0506    0.0005    0.0005 |
  310.000     1     1     1.0    100  31000 |  100 31001    0.0506    0.0005    0.0005 |
  311.000     1     1     1.0    100  31100 |  100 31101    0.0506    0.0005    0.0005 |
  312.000     1     1     1.0    100  31200 |  100 31201    0.0514    0.0005    0.0005 |
  313.000     1     1     1.0    100  31300 |  100 31301    0.0509    0.0005    0.0005 |
  314.000     1     1     1.0    100  31400 |  100 31401    0.0508    0.0005    0.0005 |
  315.000     1     1     1.0    100  31500 |  100 31501    0.0509    0.0005    0.0005 |
  316.000     1     1     1.0    100  31600 |  100 31601    0.0509    0.0005    0.0005 |
  317.000     1     1     1.0    100  31700 |  100 31701    0.0507    0.0005    0.0005 |
  318.000     1     1     1.0    100  31800 |  100 31801    0.0508    0.0005    0.0005 |
  319.000     1     1     1.0    100  31900 |  100 31901    0.0506    0.0005    0.0005 |
  320.000     1     1     1.0    100  32000 |  100 32001    0.0509    0.0005    0.0005 |
  321.000     1     1     1.0    100  32100 |  100 32101    0.0510    0.0005    0.0005 |
  322.000     1     1     1.0    100  32200 |  100 32201    0.0509    0.0005    0.0005 |
  323.000     1     1     1.0    100  32300 |  100 32301    0.0510    0.0005    0.0005 |
  324.000     1     1     1.0    100  32400 |  100 32401    0.0509    0.0005    0.0005 |
  325.000     1     1     1.0    100  32500 |  100 32501    0.0511    0.0005    0.0005 |
  326.000     1     1     1.0    100  32600 |  100 32601    0.0510    0.0005    0.0005 |
  327.000     1     1     1.0    100  32700 |  100 32701    0.0509    0.0005    0.0005 |
  328.000     1     1     1.0    100  32800 |  100 32801    0.0508    0.0005    0.0005 |
  329.000     1     1     1.0    100  32900 |  100 32901    0.0520    0.0005    0.0005 |
  330.000     1     1     1.0    100  33000 |  100 33001    0.0528    0.0005    0.0005 |
  331.000     1     1     1.0    100  33100 |  100 33101    0.0520    0.0005    0.0005 |
  332.000     1     1     1.0    100  33200 |  100 33201    0.0511    0.0005    0.0005 |
  333.000     1     1     1.0    100  33300 |  100 33301    0.0515    0.0005    0.0005 |
  334.000     1     1     1.0    100  33400 |  100 33401    0.0509    0.0005    0.0005 |
  335.000     1     1     1.0    100  33500 |  100 33501    0.0508    0.0005    0.0005 |
  336.000     1     1     1.0    100  33600 |  100 33601    0.0509    0.0005    0.0005 |
  337.000     1     1     1.0    100  33700 |  100 33701    0.0512    0.0005    0.0005 |
  338.000     1     1     1.0    100  33800 |  100 33801    0.0510    0.0005    0.0005 |
  339.000     1     1     1.0    100  33900 |  100 33901    0.0509    0.0005    0.0005 |
  340.000     1     1     1.0    100  34000 |  100 34001    0.0510    0.0005    0.0005 |
  341.000     1     1     1.0    100  34100 |  100 34101    0.0511    0.0005    0.0005 |
  342.000     1     1     1.0    100  34200 |  100 34201    0.0507    0.0005    0.0005 |
  343.000     1     1     1.0    100  34300 |  100 34301    0.0512    0.0005    0.0005 |
  344.000     1     1     1.0    100  34400 |  100 34401    0.0510    0.0005    0.0005 |
  345.000     1     1     1.0    100  34500 |  100 34501    0.0510    0.0005    0.0005 |
  346.000     1     1     1.0    100  34600 |  100 34601    0.0508    0.0005    0.0005 |
  347.000     1     1     1.0    100  34700 |  100 34701    0.0508    0.0005    0.0005 |
  348.000     1     1     1.0    100  34800 |  100 34801    0.0511    0.0005    0.0005 |
  349.000     1     1     1.0    100  34900 |  100 34901    0.0506    0.0005    0.0005 |
  350.000     1     1     1.0    100  35000 |  100 35001    0.0510    0.0005    0.0005 |
  351.000     1     1     1.0    100  35100 |  100 35101    0.0509    0.0005    0.0005 |
  352.000     1     1     1.0    100  35200 |  100 35201    0.0509    0.0005    0.0005 |
  353.000     1     1     1.0    100  35300 |  100 35301    0.0511    0.0005    0.0005 |
  354.000     1     1     1.0    100  35400 |  100 35401    0.0505    0.0005    0.0005 |
  355.000     1     1     1.0    100  35500 |  100 35501    0.0508    0.0005    0.0005 |
  356.000     1     1     1.0    100  35600 |  100 35601    0.0506    0.0005    0.0005 |
  357.000     1     1     1.0    100  35700 |  100 35701    0.0510    0.0005    0.0005 |
  358.000     1     1     1.0    100  35800 |  100 35801    0.0510    0.0005    0.0005 |
  359.000     1     1     1.0    100  35900 |  100 35901    0.0509    0.0005    0.0005 |
  360.000     1     1     1.0    100  36000 |  100 36001    0.0509    0.0005    0.0005 |
  361.000     1     1     1.0    100  36100 |  100 36101    0.0509    0.0005    0.0005 |
  362.000     1     1     1.0    100  36200 |  100 36201    0.0508    0.0005    0.0005 |
  363.000     1     1     1.0    100  36300 |  100 36301    0.0508    0.0005    0.0005 |
  364.000     1     1     1.0    100  36400 |  100 36401    0.0510    0.0005    0.0005 |
  365.000     1     1     1.0    100  36500 |  100 36501    0.0509    0.0005    0.0005 |
  366.000     1     1     1.0    100  36600 |  100 36601    0.0510    0.0005    0.0005 |
  367.000     1     1     1.0    100  36700 |  100 36701    0.0510    0.0005    0.0005 |
  368.000     1     1     1.0    100  36800 |  100 36801    0.0511    0.0005    0.0005 |
  369.000     1     1     1.0    100  36900 |  100 36901    0.0512    0.0005    0.0005 |
  370.000     1     1     1.0    100  37000 |  100 37001    0.0513    0.0005    0.0005 |
  371.000     1     1     1.0    100  37100 |  100 37101    0.0509    0.0005    0.0005 |
  372.000     1     1     1.0    100  37200 |  100 37201    0.0507    0.0005    0.0005 |
  373.000     1     1     1.0    100  37300 |  100 37301    0.0511    0.0005    0.0005 |
  374.000     1     1     1.0    100  37400 |  100 37401    0.0509    0.0005    0.0005 |
  375.000     1     1     1.0    100  37500 |  100 37501    0.0509    0.0005    0.0005 |
  376.000     1     1     1.0    100  37600 |  100 37601    0.0510    0.0005    0.0005 |
  377.000     1     1     1.0    100  37700 |  100 37701    0.0510    0.0005    0.0005 |
  378.000     1     1     1.0    100  37800 |  100 37801    0.0510    0.0005    0.0005 |
  379.000     1     1     1.0    100  37900 |  100 37901    0.0510    0.0005    0.0005 |
  380.000     1     1     1.0    100  38000 |  100 38001    0.0511    0.0005    0.0005 |
  381.000     1     1     1.0    100  38100 |  100 38101    0.0510    0.0005    0.0005 |
  382.000     1     1     1.0    100  38200 |  100 38201    0.0510    0.0005    0.0005 |
  383.000     1     1     1.0    100  38300 |  100 38301    0.0507    0.0005    0.0005 |
  384.000     1     1     1.0    100  38400 |  100 38401    0.0511    0.0005    0.0005 |
  385.000     1     1     1.0    100  38500 |  100 38501    0.0507    0.0005    0.0005 |
  386.000     1     1     1.0    100  38600 |  100 38601    0.0509    0.0005    0.0005 |
  387.000     1     1     1.0    100  38700 |  100 38701    0.0508    0.0005    0.0005 |
  388.000     1     1     1.0    100  38800 |  100 38801    0.0514    0.0005    0.0005 |
  389.000     1     1     1.0    100  38900 |  100 38901    0.0508    0.0005    0.0005 |
  390.000     1     1     1.0    100  39000 |  100 39001    0.0509    0.0005    0.0005 |
  391.000     1     1     1.0    100  39100 |  100 39101    0.0510    0.0005    0.0005 |
  392.000     1     1     1.0    100  39200 |  100 39201    0.0507    0.0005    0.0005 |
  393.000     1     1     1.0    100  39300 |  100 39301    0.0509    0.0005    0.0005 |
  394.000     1     1     1.0    100  39400 |  100 39401    0.0506    0.0005    0.0005 |
  395.000     1     1     1.0    100  39500 |  100 39501    0.0508    0.0005    0.0005 |
  396.000     1     1     1.0    100  39600 |  100 39601    0.0509    0.0005    0.0005 |
  397.000     1     1     1.0    100  39700 |  100 39701    0.0510    0.0005    0.0005 |
  398.000     1     1     1.0    100  39800 |  100 39801    0.0509    0.0005    0.0005 |
  399.000     1     1     1.0    100  39900 |  100 39901    0.0507    0.0005    0.0005 |
  400.000     1     1     1.0    100  40000 |  100 40001    0.0508    0.0005    0.0005 |
  401.000     1     1     1.0    100  40100 |  100 40101    0.0510    0.0005    0.0005 |
  402.000     1     1     1.0    100  40200 |  100 40201    0.0517    0.0005    0.0005 |
  403.000     1     1     1.0    100  40300 |  100 40301    0.0511    0.0005    0.0005 |
  404.000     1     1     1.0    100  40400 |  100 40401    0.0509    0.0005    0.0005 |
  405.000     1     1     1.0    100  40500 |  100 40501    0.0515    0.0005    0.0005 |
  406.000     1     1     1.0    100  40600 |  100 40601    0.0508    0.0005    0.0005 |
  407.000     1     1     1.0    100  40700 |  100 40701    0.0509    0.0005    0.0005 |
  408.000     1     1     1.0    100  40800 |  100 40801    0.0511    0.0005    0.0005 |
  409.000     1     1     1.0    100  40900 |  100 40901    0.0510    0.0005    0.0005 |
  410.000     1     1     1.0    100  41000 |  100 41001    0.0515    0.0005    0.0005 |
  411.000     1     1     1.0    100  41100 |  100 41101    0.0508    0.0005    0.0005 |
  412.000     1     1     1.0    100  41200 |  100 41201    0.0510    0.0005    0.0005 |
  413.000     1     1     1.0    100  41300 |  100 41301    0.0512    0.0005    0.0005 |
  414.000     1     1     1.0    100  41400 |  100 41401    0.0509    0.0005    0.0005 |
  415.000     1     1     1.0    100  41500 |  100 41501    0.0509    0.0005    0.0005 |
  416.000     1     1     1.0    100  41600 |  100 41601    0.0509    0.0005    0.0005 |
  417.000     1     1     1.0    100  41700 |  100 41701    0.0507    0.0005    0.0005 |
  418.000     1     1     1.0    100  41800 |  100 41801    0.0510    0.0005    0.0005 |
  419.000     1     1     1.0    100  41900 |  100 41901    0.0510    0.0005    0.0005 |
  420.000     1     1     1.0    100  42000 |  100 42001    0.0512    0.0005    0.0005 |
  421.000     1     1     1.0    100  42100 |  100 42101    0.0510    0.0005    0.0005 |
  422.000     1     1     1.0    100  42200 |  100 42201    0.0511    0.0005    0.0005 |
  423.000     1     1     1.0    100  42300 |  100 42301    0.0509    0.0005    0.0005 |
  424.000     1     1     1.0    100  42400 |  100 42401    0.0510    0.0005    0.0005 |
  425.000     1     1     1.0    100  42500 |  100 42501    0.0507    0.0005    0.0005 |
  426.000     1     1     1.0    100  42600 |  100 42601    0.0508    0.0005    0.0005 |
  427.000     1     1     1.0    100  42700 |  100 42701    0.0509    0.0005    0.0005 |
  428.000     1     1     1.0    100  42800 |  100 42801    0.0510    0.0005    0.0005 |
  429.000     1     1     1.0    100  42900 |  100 42901    0.0510    0.0005    0.0005 |
  430.000     1     1     1.0    100  43000 |  100 43001    0.0508    0.0005    0.0005 |
  431.000     1     1     1.0    100  43100 |  100 43101    0.0510    0.0005    0.0005 |
  432.000     1     1     1.0    100  43200 |  100 43201    0.0509    0.0005    0.0005 |
  433.000     1     1     1.0    100  43300 |  100 43301    0.0511    0.0005    0.0005 |
  434.000     1     1     1.0    100  43400 |  100 43401    0.0512    0.0005    0.0005 |
  435.000     1     1     1.0    100  43500 |  100 43501    0.0511    0.0005    0.0005 |
  436.000     1     1     1.0    100  43600 |  100 43601    0.0509    0.0005    0.0005 |
  437.000     1     1     1.0    100  43700 |  100 43701    0.0510    0.0005    0.0005 |
  438.000     1     1     1.0    100  43800 |  100 43801    0.0509    0.0005    0.0005 |
  439.000     1     1     1.0    100  43900 |  100 43901    0.0509    0.0005    0.0005 |
  440.000     1     1     1.0    100  44000 |  100 44001    0.0508    0.0005    0.0005 |
  441.000     1     1     1.0    100  44100 |  100 44101    0.0509    0.0005    0.0005 |
  442.000     1     1     1.0    100  44200 |  100 44201    0.0508    0.0005    0.0005 |
  443.000     1     1     1.0    100  44300 |  100 44301    0.0510    0.0005    0.0005 |
  444.000     1     1     1.0    100  44400 |  100 44401    0.0510    0.0005    0.0005 |
  445.000     1     1     1.0    100  44500 |  100 44501    0.0509    0.0005    0.0005 |
  446.000     1     1     1.0    100  44600 |  100 44601    0.0507    0.0005    0.0005 |
  447.000     1     1     1.0    100  44700 |  100 44701    0.0508    0.0005    0.0005 |
  448.000     1     1     1.0    100  44800 |  100 44801    0.0508    0.0005    0.0005 |
  449.000     1     1     1.0    100  44900 |  100 44901    0.0509    0.0005    0.0005 |
  450.000     1     1     1.0    100  45000 |  100 45001    0.0509    0.0005    0.0005 |
  451.000     1     1     1.0    100  45100 |  100 45101    0.0509    0.0005    0.0005 |
  452.000     1     1     1.0    100  45200 |  100 45201    0.0509    0.0005    0.0005 |
  453.000     1     1     1.0    100  45300 |  100 45301    0.0516    0.0005    0.0005 |
  454.000     1     1     1.0    100  45400 |  100 45401    0.0509    0.0005    0.0005 |
  455.000     1     1     1.0    100  45500 |  100 45501    0.0510    0.0005    0.0005 |
  456.000     1     1     1.0    100  45600 |  100 45601    0.0509    0.0005    0.0005 |
  457.000     1     1     1.0    100  45700 |  100 45701    0.0510    0.0005    0.0005 |
  458.000     1     1     1.0    100  45800 |  100 45801    0.0508    0.0005    0.0005 |
  459.000     1     1     1.0    100  45900 |  100 45901    0.0510    0.0005    0.0005 |
  460.000     1     1     1.0    100  46000 |  100 46001    0.0507    0.0005    0.0005 |
  461.000     1     1     1.0    100  46100 |  100 46101    0.0509    0.0005    0.0005 |
  462.000     1     1     1.0    100  46200 |  100 46201    0.0507    0.0005    0.0005 |
  463.000     1     1     1.0    100  46300 |  100 46301    0.0509    0.0005    0.0005 |
  464.000     1     1     1.0    100  46400 |  100 46401    0.0510    0.0005    0.0005 |
  465.000     1     1     1.0    100  46500 |  100 46501    0.0508    0.0005    0.0005 |
  466.000     1     1     1.0    100  46600 |  100 46601    0.0509    0.0005    0.0005 |
  467.000     1     1     1.0    100  46700 |  100 46701    0.0509    0.0005    0.0005 |
  468.000     1     1     1.0    100  46800 |  100 46801    0.0509    0.0005    0.0005 |
  469.000     1     1     1.0    100  46900 |  100 46901    0.0510    0.0005    0.0005 |
  470.000     1     1     1.0    100  47000 |  100 47001    0.0509    0.0005    0.0005 |
  471.000     1     1     1.0    100  47100 |  100 47101    0.0511    0.0005    0.0005 |
  472.000     1     1     1.0    100  47200 |  100 47201    0.0510    0.0005    0.0005 |
  473.000     1     1     1.0    100  47300 |  100 47301    0.0510    0.0005    0.0005 |
  474.000     1     1     1.0    100  47400 |  100 47401    0.0508    0.0005    0.0005 |
  475.000     1     1     1.0    100  47500 |  100 47501    0.0509    0.0005    0.0005 |
  476.000     1     1     1.0    100  47600 |  100 47601    0.0508    0.0005    0.0005 |
  477.000     1     1     1.0    100  47700 |  100 47701    0.0509    0.0005    0.0005 |
  478.000     1     1     1.0    100  47800 |  100 47801    0.0509    0.0005    0.0005 |
  479.000     1     1     1.0    100  47900 |  100 47901    0.0510    0.0005    0.0005 |
  480.000     1     1     1.0    100  48000 |  100 48001    0.0509    0.0005    0.0005 |
  481.000     1     1     1.0    100  48100 |  100 48101    0.0512    0.0005    0.0005 |
  482.000     1     1     1.0    100  48200 |  100 48201    0.0511    0.0005    0.0005 |
  483.000     1     1     1.0    100  48300 |  100 48301    0.0511    0.0005    0.0005 |
  484.000     1     1     1.0    100  48400 |  100 48401    0.0514    0.0005    0.0005 |
  485.000     1     1     1.0    100  48500 |  100 48501    0.0517    0.0005    0.0005 |
  486.000     1     1     1.0    100  48600 |  100 48601    0.0515    0.0005    0.0005 |
  487.000     1     1     1.0    100  48700 |  100 48701    0.0513    0.0005    0.0005 |
  488.000     1     1     1.0    100  48800 |  100 48801    0.0513    0.0005    0.0005 |
  489.000     1     1     1.0    100  48900 |  100 48901    0.0514    0.0005    0.0005 |
  490.000     1     1     1.0    100  49000 |  100 49001    0.0510    0.0005    0.0005 |
  491.000     1     1     1.0    100  49100 |  100 49101    0.0509    0.0005    0.0005 |
  492.000     1     1     1.0    100  49200 |  100 49201    0.0509    0.0005    0.0005 |
  493.000     1     1     1.0    100  49300 |  100 49301    0.0509    0.0005    0.0005 |
  494.000     1     1     1.0    100  49400 |  100 49401    0.0511    0.0005    0.0005 |
  495.000     1     1     1.0    100  49500 |  100 49501    0.0513    0.0005    0.0005 |
  496.000     1     1     1.0    100  49600 |  100 49601    0.0510    0.0005    0.0005 |
  497.000     1     1     1.0    100  49700 |  100 49701    0.0512    0.0005    0.0005 |
  498.000     1     1     1.0    100  49800 |  100 49801    0.0518    0.0005    0.0005 |
  499.000     1     1     1.0    100  49900 |  100 49901    0.0536    0.0005    0.0005 |
  500.000     1     1     1.0    100  50000 |  100 50001    0.0539    0.0005    0.0005 |
  501.000     1     1     1.0    100  50100 |  100 50101    0.0534    0.0005    0.0005 |
  502.000     1     1     1.0    100  50200 |  100 50201    0.0525    0.0005    0.0005 |
  503.000     1     1     1.0    100  50300 |  100 50301    0.0529    0.0005    0.0005 |
  504.000     1     1     1.0    100  50400 |  100 50401    0.0524    0.0005    0.0005 |
  505.000     1     1     1.0    100  50500 |  100 50501    0.0524    0.0005    0.0005 |
  506.000     1     1     1.0    100  50600 |  100 50601    0.0535    0.0005    0.0005 |
  507.000     1     1     1.0    100  50700 |  100 50701    0.0525    0.0005    0.0005 |
  508.000     1     1     1.0    100  50800 |  100 50801    0.0522    0.0005    0.0005 |
  509.000     1     1     1.0    100  50900 |  100 50901    0.0513    0.0005    0.0005 |
  510.000     1     1     1.0    100  51000 |  100 51001    0.0509    0.0005    0.0005 |
  511.000     1     1     1.0    100  51100 |  100 51101    0.0523    0.0005    0.0005 |
  512.000     1     1     1.0    100  51200 |  100 51201    0.0509    0.0005    0.0005 |
  513.000     1     1     1.0    100  51300 |  100 51301    0.0510    0.0005    0.0005 |
  514.000     1     1     1.0    100  51400 |  100 51401    0.0509    0.0005    0.0005 |
  515.000     1     1     1.0    100  51500 |  100 51501    0.0509    0.0005    0.0005 |
  516.000     1     1     1.0    100  51600 |  100 51601    0.0508    0.0005    0.0005 |
  517.000     1     1     1.0    100  51700 |  100 51701    0.0509    0.0005    0.0005 |
  518.000     1     1     1.0    100  51800 |  100 51801    0.0507    0.0005    0.0005 |
  519.000     1     1     1.0    100  51900 |  100 51901    0.0520    0.0005    0.0005 |
  520.000     1     1     1.0    100  52000 |  100 52001    0.0529    0.0005    0.0005 |
  521.000     1     1     1.0    100  52100 |  100 52101    0.0533    0.0005    0.0005 |
  522.000     1     1     1.0    100  52200 |  100 52201    0.0528    0.0005    0.0005 |
  523.000     1     1     1.0    100  52300 |  100 52301    0.0535    0.0005    0.0005 |
  524.000     1     1     1.0    100  52400 |  100 52401    0.0543    0.0005    0.0005 |
  525.000     1     1     1.0    100  52500 |  100 52501    0.0521    0.0005    0.0005 |
  526.000     1     1     1.0    100  52600 |  100 52601    0.0526    0.0005    0.0005 |
  527.000     1     1     1.0    100  52700 |  100 52701    0.0521    0.0005    0.0005 |
  528.000     1     1     1.0    100  52800 |  100 52801    0.0509    0.0005    0.0005 |
  529.000     1     1     1.0    100  52900 |  100 52901    0.0509    0.0005    0.0005 |
  530.000     1     1     1.0    100  53000 |  100 53001    0.0509    0.0005    0.0005 |
  531.000     1     1     1.0    100  53100 |  100 53101    0.0510    0.0005    0.0005 |
  532.000     1     1     1.0    100  53200 |  100 53201    0.0509    0.0005    0.0005 |
  533.000     1     1     1.0    100  53300 |  100 53301    0.0510    0.0005    0.0005 |
  534.000     1     1     1.0    100  53400 |  100 53401    0.0509    0.0005    0.0005 |
  535.000     1     1     1.0    100  53500 |  100 53501    0.0511    0.0005    0.0005 |
  536.000     1     1     1.0    100  53600 |  100 53601    0.0509    0.0005    0.0005 |
  537.000     1     1     1.0    100  53700 |  100 53701    0.0510    0.0005    0.0005 |
  538.000     1     1     1.0    100  53800 |  100 53801    0.0509    0.0005    0.0005 |
  539.000     1     1     1.0    100  53900 |  100 53901    0.0509    0.0005    0.0005 |
  540.000     1     1     1.0    100  54000 |  100 54001    0.0509    0.0005    0.0005 |
  541.000     1     1     1.0    100  54100 |  100 54101    0.0509    0.0005    0.0005 |
  542.000     1     1     1.0    100  54200 |  100 54201    0.0510    0.0005    0.0005 |
  543.000     1     1     1.0    100  54300 |  100 54301    0.0508    0.0005    0.0005 |
  544.000     1     1     1.0    100  54400 |  100 54401    0.0508    0.0005    0.0005 |
  545.000     1     1     1.0    100  54500 |  100 54501    0.0509    0.0005    0.0005 |
  546.000     1     1     1.0    100  54600 |  100 54601    0.0509    0.0005    0.0005 |
  547.000     1     1     1.0    100  54700 |  100 54701    0.0508    0.0005    0.0005 |
  548.000     1     1     1.0    100  54800 |  100 54801    0.0510    0.0005    0.0005 |
  549.000     1     1     1.0    100  54900 |  100 54901    0.0508    0.0005    0.0005 |
  550.000     1     1     1.0    100  55000 |  100 55001    0.0508    0.0005    0.0005 |
  551.000     1     1     1.0    100  55100 |  100 55101    0.0509    0.0005    0.0005 |
  552.000     1     1     1.0    100  55200 |  100 55201    0.0510    0.0005    0.0005 |
  553.000     1     1     1.0    100  55300 |  100 55301    0.0508    0.0005    0.0005 |
  554.000     1     1     1.0    100  55400 |  100 55401    0.0508    0.0005    0.0005 |
  555.000     1     1     1.0    100  55500 |  100 55501    0.0508    0.0005    0.0005 |
  556.000     1     1     1.0    100  55600 |  100 55601    0.0508    0.0005    0.0005 |
  557.000     1     1     1.0    100  55700 |  100 55701    0.0509    0.0005    0.0005 |
  558.000     1     1     1.0    100  55800 |  100 55801    0.0508    0.0005    0.0005 |
  559.000     1     1     1.0    100  55900 |  100 55901    0.0508    0.0005    0.0005 |
  560.000     1     1     1.0    100  56000 |  100 56001    0.0507    0.0005    0.0005 |
  561.000     1     1     1.0    100  56100 |  100 56101    0.0510    0.0005    0.0005 |
  562.000     1     1     1.0    100  56200 |  100 56201    0.0508    0.0005    0.0005 |
  563.000     1     1     1.0    100  56300 |  100 56301    0.0511    0.0005    0.0005 |
  564.000     1     1     1.0    100  56400 |  100 56401    0.0509    0.0005    0.0005 |
  565.000     1     1     1.0    100  56500 |  100 56501    0.0508    0.0005    0.0005 |
  566.000     1     1     1.0    100  56600 |  100 56601    0.0508    0.0005    0.0005 |
  567.000     1     1     1.0    100  56700 |  100 56701    0.0508    0.0005    0.0005 |
  568.000     1     1     1.0    100  56800 |  100 56801    0.0508    0.0005    0.0005 |
  569.000     1     1     1.0    100  56900 |  100 56901    0.0509    0.0005    0.0005 |
  570.000     1     1     1.0    100  57000 |  100 57001    0.0509    0.0005    0.0005 |
  571.000     1     1     1.0    100  57100 |  100 57101    0.0508    0.0005    0.0005 |
  572.000     1     1     1.0    100  57200 |  100 57201    0.0508    0.0005    0.0005 |
  573.000     1     1     1.0    100  57300 |  100 57301    0.0510    0.0005    0.0005 |
  574.000     1     1     1.0    100  57400 |  100 57401    0.0508    0.0005    0.0005 |
  575.000     1     1     1.0    100  57500 |  100 57501    0.0508    0.0005    0.0005 |
  576.000     1     1     1.0    100  57600 |  100 57601    0.0514    0.0005    0.0005 |
  577.000     1     1     1.0    100  57700 |  100 57701    0.0510    0.0005    0.0005 |
  578.000     1     1     1.0    100  57800 |  100 57801    0.0510    0.0005    0.0005 |
  579.000     1     1     1.0    100  57900 |  100 57901    0.0508    0.0005    0.0005 |
  580.000     1     1     1.0    100  58000 |  100 58001    0.0508    0.0005    0.0005 |
  581.000     1     1     1.0    100  58100 |  100 58101    0.0509    0.0005    0.0005 |
  582.000     1     1     1.0    100  58200 |  100 58201    0.0509    0.0005    0.0005 |
  583.000     1     1     1.0    100  58300 |  100 58301    0.0508    0.0005    0.0005 |
  584.000     1     1     1.0    100  58400 |  100 58401    0.0508    0.0005    0.0005 |
  585.000     1     1     1.0    100  58500 |  100 58501    0.0509    0.0005    0.0005 |
  586.000     1     1     1.0    100  58600 |  100 58601    0.0507    0.0005    0.0005 |
  587.000     1     1     1.0    100  58700 |  100 58701    0.0507    0.0005    0.0005 |
  588.000     1     1     1.0    100  58800 |  100 58801    0.0509    0.0005    0.0005 |
  589.000     1     1     1.0    100  58900 |  100 58901    0.0508    0.0005    0.0005 |
  590.000     1     1     1.0    100  59000 |  100 59001    0.0508    0.0005    0.0005 |
  591.000     1     1     1.0    100  59100 |  100 59101    0.0507    0.0005    0.0005 |
  592.000     1     1     1.0    100  59200 |  100 59201    0.0509    0.0005    0.0005 |
  593.000     1     1     1.0    100  59300 |  100 59301    0.0507    0.0005    0.0005 |
  594.000     1     1     1.0    100  59400 |  100 59401    0.0508    0.0005    0.0005 |
  595.000     1     1     1.0    100  59500 |  100 59501    0.0508    0.0005    0.0005 |
  596.000     1     1     1.0    100  59600 |  100 59601    0.0507    0.0005    0.0005 |
  597.000     1     1     1.0    100  59700 |  100 59701    0.0509    0.0005    0.0005 |
  598.000     1     1     1.0    100  59800 |  100 59801    0.0517    0.0005    0.0005 |
  599.000     1     1     1.0    100  59900 |  100 59901    0.0508    0.0005    0.0005 |
  600.000     1     1     1.0    100  60000 |  100 60001    0.0508    0.0005    0.0005 |
  601.000     1     1     1.0    100  60100 |  100 60101    0.0507    0.0005    0.0005 |
  602.000     1     1     1.0    100  60200 |  100 60201    0.0508    0.0005    0.0005 |
  603.000     1     1     1.0    100  60300 |  100 60301    0.0507    0.0005    0.0005 |
  604.000     1     1     1.0    100  60400 |  100 60401    0.0507    0.0005    0.0005 |
  605.000     1     1     1.0    100  60500 |  100 60501    0.0509    0.0005    0.0005 |
  606.000     1     1     1.0    100  60600 |  100 60601    0.0508    0.0005    0.0005 |
  607.000     1     1     1.0    100  60700 |  100 60701    0.0510    0.0005    0.0005 |
  608.000     1     1     1.0    100  60800 |  100 60801    0.0508    0.0005    0.0005 |
  609.000     1     1     1.0    100  60900 |  100 60901    0.0509    0.0005    0.0005 |
  610.000     1     1     1.0    100  61000 |  100 61001    0.0507    0.0005    0.0005 |
  611.000     1     1     1.0    100  61100 |  100 61101    0.0509    0.0005    0.0005 |
  612.000     1     1     1.0    100  61200 |  100 61201    0.0508    0.0005    0.0005 |
  613.000     1     1     1.0    100  61300 |  100 61301    0.0507    0.0005    0.0005 |
  614.000     1     1     1.0    100  61400 |  100 61401    0.0508    0.0005    0.0005 |
  615.000     1     1     1.0    100  61500 |  100 61501    0.0509    0.0005    0.0005 |
  616.000     1     1     1.0    100  61600 |  100 61601    0.0509    0.0005    0.0005 |
  617.000     1     1     1.0    100  61700 |  100 61701    0.0508    0.0005    0.0005 |
  618.000     1     1     1.0    100  61800 |  100 61801    0.0509    0.0005    0.0005 |
  619.000     1     1     1.0    100  61900 |  100 61901    0.0508    0.0005    0.0005 |
  620.000     1     1     1.0    100  62000 |  100 62001    0.0508    0.0005    0.0005 |
  621.000     1     1     1.0    100  62100 |  100 62101    0.0516    0.0005    0.0005 |
  622.000     1     1     1.0    100  62200 |  100 62201    0.0514    0.0005    0.0005 |
  623.000     1     1     1.0    100  62300 |  100 62301    0.0510    0.0005    0.0005 |
  624.000     1     1     1.0    100  62400 |  100 62401    0.0508    0.0005    0.0005 |
  625.000     1     1     1.0    100  62500 |  100 62501    0.0508    0.0005    0.0005 |
  626.000     1     1     1.0    100  62600 |  100 62601    0.0508    0.0005    0.0005 |
  627.000     1     1     1.0    100  62700 |  100 62701    0.0509    0.0005    0.0005 |
  628.000     1     1     1.0    100  62800 |  100 62801    0.0510    0.0005    0.0005 |
  629.000     1     1     1.0    100  62900 |  100 62901    0.0509    0.0005    0.0005 |
  630.000     1     1     1.0    100  63000 |  100 63001    0.0509    0.0005    0.0005 |
  631.000     1     1     1.0    100  63100 |  100 63101    0.0509    0.0005    0.0005 |
  632.000     1     1     1.0    100  63200 |  100 63201    0.0508    0.0005    0.0005 |
  633.000     1     1     1.0    100  63300 |  100 63301    0.0509    0.0005    0.0005 |
  634.000     1     1     1.0    100  63400 |  100 63401    0.0508    0.0005    0.0005 |
  635.000     1     1     1.0    100  63500 |  100 63501    0.0511    0.0005    0.0005 |
  636.000     1     1     1.0    100  63600 |  100 63601    0.0511    0.0005    0.0005 |
  637.000     1     1     1.0    100  63700 |  100 63701    0.0513    0.0005    0.0005 |
  638.000     1     1     1.0    100  63800 |  100 63801    0.0512    0.0005    0.0005 |
  639.000     1     1     1.0    100  63900 |  100 63901    0.0513    0.0005    0.0005 |
  640.000     1     1     1.0    100  64000 |  100 64001    0.0510    0.0005    0.0005 |
  641.000     1     1     1.0    100  64100 |  100 64101    0.0510    0.0005    0.0005 |
  642.000     1     1     1.0    100  64200 |  100 64201    0.0508    0.0005    0.0005 |
  643.000     1     1     1.0    100  64300 |  100 64301    0.0509    0.0005    0.0005 |
  644.000     1     1     1.0    100  64400 |  100 64401    0.0510    0.0005    0.0005 |
  645.000     1     1     1.0    100  64500 |  100 64501    0.0510    0.0005    0.0005 |
  646.000     1     1     1.0    100  64600 |  100 64601    0.0509    0.0005    0.0005 |
  647.000     1     1     1.0    100  64700 |  100 64701    0.0510    0.0005    0.0005 |
  648.000     1     1     1.0    100  64800 |  100 64801    0.0511    0.0005    0.0005 |
  649.000     1     1     1.0    100  64900 |  100 64901    0.0508    0.0005    0.0005 |
  650.000     1     1     1.0    100  65000 |  100 65001    0.0510    0.0005    0.0005 |
  651.000     1     1     1.0    100  65100 |  100 65101    0.0509    0.0005    0.0005 |
  652.000     1     1     1.0    100  65200 |  100 65201    0.0518    0.0005    0.0005 |
  653.000     1     1     1.0    100  65300 |  100 65301    0.0510    0.0005    0.0005 |
  654.000     1     1     1.0    100  65400 |  100 65401    0.0514    0.0005    0.0005 |
  655.000     1     1     1.0    100  65500 |  100 65501    0.0510    0.0005    0.0005 |
  656.000     1     1     1.0    100  65600 |  100 65601    0.0511    0.0005    0.0005 |
  657.000     1     1     1.0    100  65700 |  100 65701    0.0509    0.0005    0.0005 |
  658.000     1     1     1.0    100  65800 |  100 65801    0.0510    0.0005    0.0005 |
  659.000     1     1     1.0    100  65900 |  100 65901    0.0510    0.0005    0.0005 |
  660.000     1     1     1.0    100  66000 |  100 66001    0.0509    0.0005    0.0005 |
  661.000     1     1     1.0    100  66100 |  100 66101    0.0509    0.0005    0.0005 |
  662.000     1     1     1.0    100  66200 |  100 66201    0.0509    0.0005    0.0005 |
  663.000     1     1     1.0    100  66300 |  100 66301    0.0508    0.0005    0.0005 |
  664.000     1     1     1.0    100  66400 |  100 66401    0.0510    0.0005    0.0005 |
  665.000     1     1     1.0    100  66500 |  100 66501    0.0509    0.0005    0.0005 |
  666.000     1     1     1.0    100  66600 |  100 66601    0.0512    0.0005    0.0005 |
  667.000     1     1     1.0    100  66700 |  100 66701    0.0509    0.0005    0.0005 |
  668.000     1     1     1.0    100  66800 |  100 66801    0.0511    0.0005    0.0005 |
  669.000     1     1     1.0    100  66900 |  100 66901    0.0508    0.0005    0.0005 |
  670.000     1     1     1.0    100  67000 |  100 67001    0.0509    0.0005    0.0005 |
  671.000     1     1     1.0    100  67100 |  100 67101    0.0510    0.0005    0.0005 |
  672.000     1     1     1.0    100  67200 |  100 67201    0.0518    0.0005    0.0005 |
  673.000     1     1     1.0    100  67300 |  100 67301    0.0509    0.0005    0.0005 |
  674.000     1     1     1.0    100  67400 |  100 67401    0.0509    0.0005    0.0005 |
  675.000     1     1     1.0    100  67500 |  100 67501    0.0510    0.0005    0.0005 |
  676.000     1     1     1.0    100  67600 |  100 67601    0.0508    0.0005    0.0005 |
  677.000     1     1     1.0    100  67700 |  100 67701    0.0509    0.0005    0.0005 |
  678.000     1     1     1.0    100  67800 |  100 67801    0.0509    0.0005    0.0005 |
  679.000     1     1     1.0    100  67900 |  100 67901    0.0509    0.0005    0.0005 |
  680.000     1     1     1.0    100  68000 |  100 68001    0.0509    0.0005    0.0005 |
  681.000     1     1     1.0    100  68100 |  100 68101    0.0509    0.0005    0.0005 |
  682.000     1     1     1.0    100  68200 |  100 68201    0.0509    0.0005    0.0005 |
  683.000     1     1     1.0    100  68300 |  100 68301    0.0510    0.0005    0.0005 |
  684.000     1     1     1.0    100  68400 |  100 68401    0.0509    0.0005    0.0005 |
  685.000     1     1     1.0    100  68500 |  100 68501    0.0509    0.0005    0.0005 |
  686.000     1     1     1.0    100  68600 |  100 68601    0.0509    0.0005    0.0005 |
  687.000     1     1     1.0    100  68700 |  100 68701    0.0510    0.0005    0.0005 |
  688.000     1     1     1.0    100  68800 |  100 68801    0.0510    0.0005    0.0005 |
  689.000     1     1     1.0    100  68900 |  100 68901    0.0510    0.0005    0.0005 |
  690.000     1     1     1.0    100  69000 |  100 69001    0.0510    0.0005    0.0005 |
  691.000     1     1     1.0    100  69100 |  100 69101    0.0511    0.0005    0.0005 |
  692.000     1     1     1.0    100  69200 |  100 69201    0.0509    0.0005    0.0005 |
  693.000     1     1     1.0    100  69300 |  100 69301    0.0509    0.0005    0.0005 |
  694.000     1     1     1.0    100  69400 |  100 69401    0.0509    0.0005    0.0005 |
  695.000     1     1     1.0    100  69500 |  100 69501    0.0510    0.0005    0.0005 |
  696.000     1     1     1.0    100  69600 |  100 69601    0.0518    0.0005    0.0005 |
  697.000     1     1     1.0    100  69700 |  100 69701    0.0514    0.0005    0.0005 |
  698.000     1     1     1.0    100  69800 |  100 69801    0.0509    0.0005    0.0005 |
  699.000     1     1     1.0    100  69900 |  100 69901    0.0509    0.0005    0.0005 |
  700.000     1     1     1.0    100  70000 |  100 70001    0.0509    0.0005    0.0005 |
  701.000     1     1     1.0    100  70100 |  100 70101    0.0509    0.0005    0.0005 |
  702.000     1     1     1.0    100  70200 |  100 70201    0.0509    0.0005    0.0005 |
  703.000     1     1     1.0    100  70300 |  100 70301    0.0509    0.0005    0.0005 |
  704.000     1     1     1.0    100  70400 |  100 70401    0.0509    0.0005    0.0005 |
  705.000     1     1     1.0    100  70500 |  100 70501    0.0510    0.0005    0.0005 |
  706.000     1     1     1.0    100  70600 |  100 70601    0.0511    0.0005    0.0005 |
  707.000     1     1     1.0    100  70700 |  100 70701    0.0511    0.0005    0.0005 |
  708.000     1     1     1.0    100  70800 |  100 70801    0.0509    0.0005    0.0005 |
  709.000     1     1     1.0    100  70900 |  100 70901    0.0509    0.0005    0.0005 |
  710.000     1     1     1.0    100  71000 |  100 71001    0.0510    0.0005    0.0005 |
  711.000     1     1     1.0    100  71100 |  100 71101    0.0509    0.0005    0.0005 |
  712.000     1     1     1.0    100  71200 |  100 71201    0.0508    0.0005    0.0005 |
  713.000     1     1     1.0    100  71300 |  100 71301    0.0509    0.0005    0.0005 |
  714.000     1     1     1.0    100  71400 |  100 71401    0.0514    0.0005    0.0005 |
  715.000     1     1     1.0    100  71500 |  100 71501    0.0509    0.0005    0.0005 |
  716.000     1     1     1.0    100  71600 |  100 71601    0.0509    0.0005    0.0005 |
  717.000     1     1     1.0    100  71700 |  100 71701    0.0509    0.0005    0.0005 |
  718.000     1     1     1.0    100  71800 |  100 71801    0.0510    0.0005    0.0005 |
  719.000     1     1     1.0    100  71900 |  100 71901    0.0509    0.0005    0.0005 |
  720.000     1     1     1.0    100  72000 |  100 72001    0.0511    0.0005    0.0005 |
  721.000     1     1     1.0    100  72100 |  100 72101    0.0509    0.0005    0.0005 |
  722.000     1     1     1.0    100  72200 |  100 72201    0.0509    0.0005    0.0005 |
  723.000     1     1     1.0    100  72300 |  100 72301    0.0508    0.0005    0.0005 |
  724.000     1     1     1.0    100  72400 |  100 72401    0.0510    0.0005    0.0005 |
  725.000     1     1     1.0    100  72500 |  100 72501    0.0509    0.0005    0.0005 |
  726.000     1     1     1.0    100  72600 |  100 72601    0.0510    0.0005    0.0005 |
  727.000     1     1     1.0    100  72700 |  100 72701    0.0509    0.0005    0.0005 |
  728.000     1     1     1.0    100  72800 |  100 72801    0.0510    0.0005    0.0005 |
  729.000     1     1     1.0    100  72900 |  100 72901    0.0510    0.0005    0.0005 |
  730.000     1     1     1.0    100  73000 |  100 73001    0.0511    0.0005    0.0005 |
  731.000     1     1     1.0    100  73100 |  100 73101    0.0509    0.0005    0.0005 |
  732.000     1     1     1.0    100  73200 |  100 73201    0.0509    0.0005    0.0005 |
  733.000     1     1     1.0    100  73300 |  100 73301    0.0509    0.0005    0.0005 |
  734.000     1     1     1.0    100  73400 |  100 73401    0.0509    0.0005    0.0005 |
  735.000     1     1     1.0    100  73500 |  100 73501    0.0509    0.0005    0.0005 |
  736.000     1     1     1.0    100  73600 |  100 73601    0.0508    0.0005    0.0005 |
  737.000     1     1     1.0    100  73700 |  100 73701    0.0510    0.0005    0.0005 |
  738.000     1     1     1.0    100  73800 |  100 73801    0.0509    0.0005    0.0005 |
  739.000     1     1     1.0    100  73900 |  100 73901    0.0510    0.0005    0.0005 |
  740.000     1     1     1.0    100  74000 |  100 74001    0.0509    0.0005    0.0005 |
  741.000     1     1     1.0    100  74100 |  100 74101    0.0508    0.0005    0.0005 |
  742.000     1     1     1.0    100  74200 |  100 74201    0.0509    0.0005    0.0005 |
  743.000     1     1     1.0    100  74300 |  100 74301    0.0509    0.0005    0.0005 |
  744.000     1     1     1.0    100  74400 |  100 74401    0.0512    0.0005    0.0005 |
  745.000     1     1     1.0    100  74500 |  100 74501    0.0510    0.0005    0.0005 |
  746.000     1     1     1.0    100  74600 |  100 74601    0.0510    0.0005    0.0005 |
  747.000     1     1     1.0    100  74700 |  100 74701    0.0509    0.0005    0.0005 |
  748.000     1     1     1.0    100  74800 |  100 74801    0.0511    0.0005    0.0005 |
  749.000     1     1     1.0    100  74900 |  100 74901    0.0509    0.0005    0.0005 |
  750.000     1     1     1.0    100  75000 |  100 75001    0.0510    0.0005    0.0005 |
